0.01	0
0.02	0
0.03	0
0.04	0
0.05	37.84
0.06	37.84
0.07	37.84
0.08	113.52
0.09	113.52
0.1	113.52
0.11	227.04
0.12	227.04
0.13	227.04
0.14	340.56
0.15	340.56
0.16	340.56
0.17	340.56
0.18	567.6
0.19	567.6
0.2	567.6
0.21	908.16
0.22	908.16
0.23	908.16
0.24	1362.24
0.25	1324.4
0.26	1324.4
0.27	1816.32
0.28	1929.84
0.29	1929.84
0.3	2156.88
0.31	2838
0.32	2838
0.33	2951.52
0.34	3556.96
0.35	4313.76
0.36	4313.76
0.37	4767.84
0.38	5411.12
0.39	6470.64
0.4	6584.16
0.41	6622
0.42	7340.96
0.43	8627.52
0.44	9195.12
0.45	9195.12
0.46	9497.84
0.47	9422.16
0.48	9951.92
0.49	10784.4
0.5	11995.3
0.51	12449.4
0.52	12714.2
0.53	12827.8
0.54	12562.9
0.55	12260.2
0.56	12979.1
0.57	13849.4
0.58	14417
0.59	13963
0.6	13925.1
0.61	13849.4
0.62	13735.9
0.63	13130.5
0.64	13130.5
0.65	14530.6
0.66	15363
0.67	14946.8
0.68	14492.7
0.69	14076.5
0.7	13319.7
0.71	12865.6
0.72	14038.6
0.73	15136
0.74	14984.6
0.75	14757.6
0.76	14492.7
0.77	13546.7
0.78	12865.6
0.79	13508.9
0.8	14871.1
0.81	15287.4
0.82	14757.6
0.83	14341.4
0.84	13849.4
0.85	13244
0.86	13017
0.87	14417
0.88	15363
0.89	14984.6
0.9	14530.6
0.91	14190
0.92	13319.7
0.93	12789.9
0.94	13925.1
0.95	15022.5
0.96	14984.6
0.97	14833.3
0.98	14454.9
0.99	13584.6
1	12903.4
1.01	13395.4
1.02	14757.6
1.03	15325.2
1.04	14833.3
1.05	14303.5
1.06	13849.4
1.07	13319.7
1.08	12941.3
1.09	14303.5
1.1	15363
1.11	14984.6
1.12	14644.1
1.13	14303.5
1.14	13395.4
1.15	12789.9
1.16	13811.6
1.17	14984.6
1.18	15060.3
1.19	14833.3
1.2	14492.7
1.21	13698.1
1.22	12941.3
1.23	13281.8
1.24	14681.9
1.25	15363
1.26	14909
1.27	14341.4
1.28	13963
1.29	13319.7
1.3	12865.6
1.31	14190
1.32	15249.5
1.33	14984.6
1.34	14681.9
1.35	14417
1.36	13433.2
1.37	12789.9
1.38	13698.1
1.39	14946.8
1.4	15098.2
1.41	14757.6
1.42	14454.9
1.43	13811.6
1.44	13054.8
1.45	13168.3
1.46	14606.2
1.47	15363
1.48	14909
1.49	14454.9
1.5	14000.8
1.51	13319.7
1.52	12865.6
1.53	14076.5
1.54	15136
1.55	14984.6
1.56	14757.6
1.57	14454.9
1.58	13546.7
1.59	12827.8
1.6	13584.6
1.61	14909
1.62	15211.7
1.63	14757.6
1.64	14379.2
1.65	13849.4
1.66	13168.3
1.67	13054.8
1.68	14492.7
1.69	15363
1.7	14984.6
1.71	14492.7
1.72	14114.3
1.73	13319.7
1.74	12865.6
1.75	13963
1.76	15098.2
1.77	14984.6
1.78	14757.6
1.79	14492.7
1.8	13546.7
1.81	12865.6
1.82	13471
1.83	14795.4
1.84	15287.4
1.85	14833.3
1.86	14303.5
1.87	13849.4
1.88	13281.8
1.89	12941.3
1.9	14379.2
1.91	15363
1.92	14984.6
1.93	14606.2
1.94	14227.8
1.95	13357.5
1.96	12789.9
1.97	13849.4
1.98	14984.6
1.99	15022.5
2	14833.3
2.01	14530.6
2.02	13622.4
2.03	12941.3
2.04	13357.5
2.05	14681.9
2.06	15363
2.07	14871.1
2.08	14303.5
2.09	13925.1
2.1	13319.7
2.11	12903.4
2.12	14265.7
2.13	15287.4
2.14	14984.6
2.15	14681.9
2.16	14341.4
2.17	13395.4
2.18	12789.9
2.19	13735.9
2.2	14984.6
2.21	15060.3
2.22	14833.3
2.23	14454.9
2.24	13735.9
2.25	13017
2.26	13244
2.27	14644.1
2.28	15363
2.29	14909
2.3	14379.2
2.31	14000.8
2.32	13319.7
2.33	12865.6
2.34	14152.2
2.35	15173.8
2.36	14984.6
2.37	14757.6
2.38	14454.9
2.39	13508.9
2.4	12789.9
2.41	13622.4
2.42	14909
2.43	15173.8
2.44	14757.6
2.45	14379.2
2.46	13849.4
2.47	13130.5
2.48	13130.5
2.49	14530.6
2.5	15363
2.51	14946.8
2.52	14454.9
2.53	14076.5
2.54	13319.7
2.55	12865.6
2.56	14038.6
2.57	15136
2.58	14984.6
2.59	14757.6
2.6	14492.7
2.61	13546.7
2.62	12865.6
2.63	13508.9
2.64	14871.1
2.65	15287.4
2.66	14757.6
2.67	14341.4
2.68	13849.4
2.69	13244
2.7	13017
2.71	14417
2.72	15363
2.73	14984.6
2.74	14530.6
2.75	14190
2.76	13319.7
2.77	12789.9
2.78	13925.1
2.79	15022.5
2.8	14984.6
2.81	14833.3
2.82	14454.9
2.83	13584.6
2.84	12903.4
2.85	13395.4
2.86	14757.6
2.87	15325.2
2.88	14833.3
2.89	14303.5
2.9	13849.4
2.91	13319.7
2.92	12941.3
2.93	14303.5
2.94	15363
2.95	14984.6
2.96	14644.1
2.97	14303.5
2.98	13395.4
2.99	12789.9
3	13811.6
3.01	14984.6
3.02	15060.3
3.03	14833.3
3.04	14492.7
3.05	13698.1
3.06	12941.3
3.07	13281.8
3.08	14681.9
3.09	15363
3.1	14909
3.11	14341.4
3.12	13963
3.13	13319.7
3.14	12865.6
3.15	14190
3.16	15249.5
3.17	14984.6
3.18	14681.9
3.19	14417
3.2	13433.2
3.21	12789.9
3.22	13698.1
3.23	14946.8
3.24	15098.2
3.25	14757.6
3.26	14454.9
3.27	13811.6
3.28	13054.8
3.29	13168.3
3.3	14606.2
3.31	15363
3.32	14909
3.33	14454.9
3.34	14000.8
3.35	13319.7
3.36	12865.6
3.37	14076.5
3.38	15136
3.39	14984.6
3.4	14757.6
3.41	14454.9
3.42	13546.7
3.43	12827.8
3.44	13584.6
3.45	14909
3.46	15211.7
3.47	14757.6
3.48	14379.2
3.49	13849.4
3.5	13168.3
3.51	13054.8
3.52	14492.7
3.53	15363
3.54	14984.6
3.55	14492.7
3.56	14114.3
3.57	13319.7
3.58	12865.6
3.59	13963
3.6	15098.2
3.61	14984.6
3.62	14757.6
3.63	14492.7
3.64	13546.7
3.65	12865.6
3.66	13471
3.67	14795.4
3.68	15287.4
3.69	14833.3
3.7	14303.5
3.71	13849.4
3.72	13281.8
3.73	12941.3
3.74	14379.2
3.75	15363
3.76	14984.6
3.77	14606.2
3.78	14227.8
3.79	13357.5
3.8	12789.9
3.81	13849.4
3.82	14984.6
3.83	15022.5
3.84	14833.3
3.85	14530.6
3.86	13622.4
3.87	12941.3
3.88	13357.5
3.89	14681.9
3.9	15363
3.91	14871.1
3.92	14303.5
3.93	13925.1
3.94	13319.7
3.95	12903.4
3.96	14265.7
3.97	15287.4
3.98	14984.6
3.99	14681.9
4	14341.4
4.01	13395.4
4.02	12789.9
4.03	13735.9
4.04	14984.6
4.05	15060.3
4.06	14833.3
4.07	14454.9
4.08	13735.9
4.09	13017
4.1	13244
4.11	14644.1
4.12	15363
4.13	14909
4.14	14379.2
4.15	14000.8
4.16	13319.7
4.17	12865.6
4.18	14152.2
4.19	15173.8
4.2	14984.6
4.21	14757.6
4.22	14454.9
4.23	13508.9
4.24	12789.9
4.25	13622.4
4.26	14909
4.27	15173.8
4.28	14757.6
4.29	14379.2
4.3	13849.4
4.31	13130.5
4.32	13130.5
4.33	14530.6
4.34	15363
4.35	14946.8
4.36	14454.9
4.37	14076.5
4.38	13319.7
4.39	12865.6
4.4	14038.6
4.41	15136
4.42	14984.6
4.43	14757.6
4.44	14492.7
4.45	13546.7
4.46	12865.6
4.47	13508.9
4.48	14871.1
4.49	15287.4
4.5	14757.6
4.51	14341.4
4.52	13849.4
4.53	13244
4.54	13017
4.55	14417
4.56	15363
4.57	14984.6
4.58	14530.6
4.59	14190
4.6	13319.7
4.61	12789.9
4.62	13925.1
4.63	15022.5
4.64	14984.6
4.65	14833.3
4.66	14454.9
4.67	13584.6
4.68	12903.4
4.69	13395.4
4.7	14757.6
4.71	15325.2
4.72	14833.3
4.73	14303.5
4.74	13849.4
4.75	13319.7
4.76	12941.3
4.77	14303.5
4.78	15363
4.79	14984.6
4.8	14644.1
4.81	14303.5
4.82	13395.4
4.83	12789.9
4.84	13811.6
4.85	14984.6
4.86	15060.3
4.87	14833.3
4.88	14492.7
4.89	13698.1
4.9	12941.3
4.91	13281.8
4.92	14681.9
4.93	15363
4.94	14909
4.95	14341.4
4.96	13963
4.97	13319.7
4.98	12865.6
4.99	14190
5	15249.5
5.01	14984.6
5.02	14681.9
5.03	14417
5.04	13433.2
5.05	12789.9
5.06	13698.1
5.07	14946.8
5.08	15098.2
5.09	14757.6
5.1	14454.9
5.11	13811.6
5.12	13054.8
5.13	13168.3
5.14	14606.2
5.15	15363
5.16	14909
5.17	14454.9
5.18	14000.8
5.19	13319.7
5.2	12865.6
5.21	14076.5
5.22	15136
5.23	14984.6
5.24	14757.6
5.25	14454.9
5.26	13546.7
5.27	12827.8
5.28	13584.6
5.29	14909
5.3	15211.7
5.31	14757.6
5.32	14379.2
5.33	13849.4
5.34	13168.3
5.35	13054.8
5.36	14492.7
5.37	15363
5.38	14984.6
5.39	14492.7
5.4	14114.3
5.41	13319.7
5.42	12865.6
5.43	13963
5.44	15098.2
5.45	14984.6
5.46	14757.6
5.47	14492.7
5.48	13546.7
5.49	12865.6
5.5	13471
5.51	14795.4
5.52	15287.4
5.53	14833.3
5.54	14303.5
5.55	13849.4
5.56	13281.8
5.57	12941.3
5.58	14379.2
5.59	15363
5.6	14984.6
5.61	14606.2
5.62	14227.8
5.63	13357.5
5.64	12789.9
5.65	13849.4
5.66	14984.6
5.67	15022.5
5.68	14833.3
5.69	14530.6
5.7	13622.4
5.71	12941.3
5.72	13357.5
5.73	14681.9
5.74	15363
5.75	14871.1
5.76	14303.5
5.77	13925.1
5.78	13319.7
5.79	12903.4
5.8	14265.7
5.81	15287.4
5.82	14984.6
5.83	14681.9
5.84	14341.4
5.85	13395.4
5.86	12789.9
5.87	13735.9
5.88	14984.6
5.89	15060.3
5.9	14833.3
5.91	14454.9
5.92	13735.9
5.93	13017
5.94	13244
5.95	14644.1
5.96	15363
5.97	14909
5.98	14379.2
5.99	14000.8
6	13319.7
6.01	12865.6
6.02	14152.2
6.03	15173.8
6.04	14984.6
6.05	14757.6
6.06	14454.9
6.07	13508.9
6.08	12789.9
6.09	13622.4
6.1	14909
6.11	15173.8
6.12	14757.6
6.13	14379.2
6.14	13849.4
6.15	13130.5
6.16	13130.5
6.17	14530.6
6.18	15363
6.19	14946.8
6.2	14454.9
6.21	14076.5
6.22	13319.7
6.23	12865.6
6.24	14038.6
6.25	15136
6.26	14984.6
6.27	14757.6
6.28	14492.7
6.29	13546.7
6.3	12865.6
6.31	13508.9
6.32	14871.1
6.33	15287.4
6.34	14757.6
6.35	14341.4
6.36	13849.4
6.37	13244
6.38	13017
6.39	14417
6.4	15363
6.41	14984.6
6.42	14530.6
6.43	14190
6.44	13319.7
6.45	12789.9
6.46	13925.1
6.47	15022.5
6.48	14984.6
6.49	14833.3
6.5	14454.9
6.51	13584.6
6.52	12903.4
6.53	13395.4
6.54	14757.6
6.55	15325.2
6.56	14833.3
6.57	14303.5
6.58	13849.4
6.59	13319.7
6.6	12941.3
6.61	14303.5
6.62	15363
6.63	14984.6
6.64	14644.1
6.65	14303.5
6.66	13395.4
6.67	12789.9
6.68	13811.6
6.69	14984.6
6.7	15060.3
6.71	14833.3
6.72	14492.7
6.73	13698.1
6.74	12941.3
6.75	13281.8
6.76	14681.9
6.77	15363
6.78	14909
6.79	14341.4
6.8	13963
6.81	13319.7
6.82	12865.6
6.83	14190
6.84	15249.5
6.85	14984.6
6.86	14681.9
6.87	14417
6.88	13433.2
6.89	12789.9
6.9	13698.1
6.91	14946.8
6.92	15098.2
6.93	14757.6
6.94	14454.9
6.95	13811.6
6.96	13054.8
6.97	13168.3
6.98	14606.2
6.99	15363
7	14909
7.01	14454.9
7.02	14000.8
7.03	13319.7
7.04	12865.6
7.05	14076.5
7.06	15136
7.07	14984.6
7.08	14757.6
7.09	14454.9
7.1	13546.7
7.11	12827.8
7.12	13584.6
7.13	14909
7.14	15211.7
7.15	14757.6
7.16	14379.2
7.17	13849.4
7.18	13168.3
7.19	13054.8
7.2	14492.7
7.21	15363
7.22	14984.6
7.23	14492.7
7.24	14114.3
7.25	13319.7
7.26	12865.6
7.27	13963
7.28	15098.2
7.29	14984.6
7.3	14757.6
7.31	14492.7
7.32	13546.7
7.33	12865.6
7.34	13471
7.35	14795.4
7.36	15287.4
7.37	14833.3
7.38	14303.5
7.39	13849.4
7.4	13281.8
7.41	12941.3
7.42	14379.2
7.43	15363
7.44	14984.6
7.45	14606.2
7.46	14227.8
7.47	13357.5
7.48	12789.9
7.49	13849.4
7.5	14984.6
7.51	15022.5
7.52	14833.3
7.53	14530.6
7.54	13622.4
7.55	12941.3
7.56	13357.5
7.57	14681.9
7.58	15363
7.59	14871.1
7.6	14303.5
7.61	13925.1
7.62	13319.7
7.63	12903.4
7.64	14265.7
7.65	15287.4
7.66	14984.6
7.67	14681.9
7.68	14341.4
7.69	13395.4
7.7	12789.9
7.71	13735.9
7.72	14984.6
7.73	15060.3
7.74	14833.3
7.75	14454.9
7.76	13735.9
7.77	13017
7.78	13244
7.79	14644.1
7.8	15363
7.81	14909
7.82	14379.2
7.83	14000.8
7.84	13319.7
7.85	12865.6
7.86	14152.2
7.87	15173.8
7.88	14984.6
7.89	14757.6
7.9	14454.9
7.91	13508.9
7.92	12789.9
7.93	13622.4
7.94	14909
7.95	15173.8
7.96	14757.6
7.97	14379.2
7.98	13849.4
7.99	13130.5
8	13130.5
8.01	14530.6
8.02	15363
8.03	14946.8
8.04	14454.9
8.05	14076.5
8.06	13319.7
8.07	12865.6
8.08	14038.6
8.09	15136
8.1	14984.6
8.11	14757.6
8.12	14492.7
8.13	13546.7
8.14	12865.6
8.15	13508.9
8.16	14871.1
8.17	15287.4
8.18	14757.6
8.19	14341.4
8.2	13849.4
8.21	13244
8.22	13017
8.23	14417
8.24	15363
8.25	14984.6
8.26	14530.6
8.27	14190
8.28	13319.7
8.29	12789.9
8.3	13925.1
8.31	15022.5
8.32	14984.6
8.33	14833.3
8.34	14454.9
8.35	13584.6
8.36	12903.4
8.37	13395.4
8.38	14757.6
8.39	15325.2
8.4	14833.3
8.41	14303.5
8.42	13849.4
8.43	13319.7
8.44	12941.3
8.45	14303.5
8.46	15363
8.47	14984.6
8.48	14644.1
8.49	14303.5
8.5	13395.4
8.51	12789.9
8.52	13811.6
8.53	14984.6
8.54	15060.3
8.55	14833.3
8.56	14492.7
8.57	13698.1
8.58	12941.3
8.59	13281.8
8.6	14681.9
8.61	15363
8.62	14909
8.63	14341.4
8.64	13963
8.65	13319.7
8.66	12865.6
8.67	14190
8.68	15249.5
8.69	14984.6
8.7	14681.9
8.71	14417
8.72	13433.2
8.73	12789.9
8.74	13698.1
8.75	14946.8
8.76	15098.2
8.77	14757.6
8.78	14454.9
8.79	13811.6
8.8	13054.8
8.81	13168.3
8.82	14606.2
8.83	15363
8.84	14909
8.85	14454.9
8.86	14000.8
8.87	13319.7
8.88	12865.6
8.89	14076.5
8.9	15136
8.91	14984.6
8.92	14757.6
8.93	14454.9
8.94	13546.7
8.95	12827.8
8.96	13584.6
8.97	14909
8.98	15211.7
8.99	14757.6
9	14379.2
9.01	13849.4
9.02	13168.3
9.03	13054.8
9.04	14492.7
9.05	15363
9.06	14984.6
9.07	14492.7
9.08	14114.3
9.09	13319.7
9.1	12865.6
9.11	13963
9.12	15098.2
9.13	14984.6
9.14	14757.6
9.15	14492.7
9.16	13546.7
9.17	12865.6
9.18	13471
9.19	14795.4
9.2	15287.4
9.21	14833.3
9.22	14303.5
9.23	13849.4
9.24	13281.8
9.25	12941.3
9.26	14379.2
9.27	15363
9.28	14984.6
9.29	14606.2
9.3	14227.8
9.31	13357.5
9.32	12789.9
9.33	13849.4
9.34	14984.6
9.35	15022.5
9.36	14833.3
9.37	14530.6
9.38	13622.4
9.39	12941.3
9.4	13357.5
9.41	14681.9
9.42	15363
9.43	14871.1
9.44	14303.5
9.45	13925.1
9.46	13319.7
9.47	12903.4
9.48	14265.7
9.49	15287.4
9.5	14984.6
9.51	14681.9
9.52	14341.4
9.53	13395.4
9.54	12789.9
9.55	13735.9
9.56	14984.6
9.57	15060.3
9.58	14833.3
9.59	14454.9
9.6	13735.9
9.61	13017
9.62	13244
9.63	14644.1
9.64	15363
9.65	14909
9.66	14379.2
9.67	14000.8
9.68	13319.7
9.69	12865.6
9.7	14152.2
9.71	15173.8
9.72	14984.6
9.73	14757.6
9.74	14454.9
9.75	13508.9
9.76	12789.9
9.77	13622.4
9.78	14909
9.79	15173.8
9.8	14757.6
9.81	14379.2
9.82	13849.4
9.83	13130.5
9.84	13130.5
9.85	14530.6
9.86	15363
9.87	14946.8
9.88	14454.9
9.89	14076.5
9.9	13319.7
9.91	12865.6
9.92	14038.6
9.93	15136
9.94	14984.6
9.95	14757.6
9.96	14492.7
9.97	13546.7
9.98	12865.6
9.99	13508.9
10	14871.1
10.01	15287.4
10.02	14757.6
10.03	14341.4
10.04	13849.4
10.05	13244
10.06	13017
10.07	14417
10.08	15363
10.09	14984.6
10.1	14530.6
10.11	14190
10.12	13319.7
10.13	12789.9
10.14	13925.1
10.15	15022.5
10.16	14984.6
10.17	14833.3
10.18	14454.9
10.19	13584.6
10.2	12903.4
10.21	13395.4
10.22	14757.6
10.23	15325.2
10.24	14833.3
10.25	14303.5
10.26	13849.4
10.27	13319.7
10.28	12941.3
10.29	14303.5
10.3	15363
10.31	14984.6
10.32	14644.1
10.33	14303.5
10.34	13395.4
10.35	12789.9
10.36	13811.6
10.37	14984.6
10.38	15060.3
10.39	14833.3
10.4	14492.7
10.41	13698.1
10.42	12941.3
10.43	13281.8
10.44	14681.9
10.45	15363
10.46	14909
10.47	14341.4
10.48	13963
10.49	13319.7
10.5	12865.6
10.51	14190
10.52	15249.5
10.53	14984.6
10.54	14681.9
10.55	14417
10.56	13433.2
10.57	12789.9
10.58	13698.1
10.59	14946.8
10.6	15098.2
10.61	14757.6
10.62	14454.9
10.63	13811.6
10.64	13054.8
10.65	13168.3
10.66	14606.2
10.67	15363
10.68	14909
10.69	14454.9
10.7	14000.8
10.71	13319.7
10.72	12865.6
10.73	14076.5
10.74	15136
10.75	14984.6
10.76	14757.6
10.77	14454.9
10.78	13546.7
10.79	12827.8
10.8	13584.6
10.81	14909
10.82	15211.7
10.83	14757.6
10.84	14379.2
10.85	13849.4
10.86	13168.3
10.87	13054.8
10.88	14492.7
10.89	15363
10.9	14984.6
10.91	14492.7
10.92	14114.3
10.93	13319.7
10.94	12865.6
10.95	13963
10.96	15098.2
10.97	14984.6
10.98	14757.6
10.99	14492.7
11	13546.7
11.01	12865.6
11.02	13471
11.03	14795.4
11.04	15287.4
11.05	14833.3
11.06	14303.5
11.07	13849.4
11.08	13281.8
11.09	12941.3
11.1	14379.2
11.11	15363
11.12	14984.6
11.13	14606.2
11.14	14227.8
11.15	13357.5
11.16	12789.9
11.17	13849.4
11.18	14984.6
11.19	15022.5
11.2	14833.3
11.21	14530.6
11.22	13622.4
11.23	12941.3
11.24	13357.5
11.25	14681.9
11.26	15363
11.27	14871.1
11.28	14303.5
11.29	13925.1
11.3	13319.7
11.31	12903.4
11.32	14265.7
11.33	15287.4
11.34	14984.6
11.35	14681.9
11.36	14341.4
11.37	13395.4
11.38	12789.9
11.39	13735.9
11.4	14984.6
11.41	15060.3
11.42	14833.3
11.43	14454.9
11.44	13735.9
11.45	13017
11.46	13244
11.47	14644.1
11.48	15363
11.49	14909
11.5	14379.2
11.51	14000.8
11.52	13319.7
11.53	12865.6
11.54	14152.2
11.55	15173.8
11.56	14984.6
11.57	14757.6
11.58	14454.9
11.59	13508.9
11.6	12789.9
11.61	13622.4
11.62	14909
11.63	15173.8
11.64	14757.6
11.65	14379.2
11.66	13849.4
11.67	13130.5
11.68	13130.5
11.69	14530.6
11.7	15363
11.71	14946.8
11.72	14454.9
11.73	14076.5
11.74	13319.7
11.75	12865.6
11.76	14038.6
11.77	15136
11.78	14984.6
11.79	14757.6
11.8	14492.7
11.81	13546.7
11.82	12865.6
11.83	13508.9
11.84	14871.1
11.85	15287.4
11.86	14757.6
11.87	14341.4
11.88	13849.4
11.89	13244
11.9	13017
11.91	14417
11.92	15363
11.93	14984.6
11.94	14530.6
11.95	14190
11.96	13319.7
11.97	12789.9
11.98	13925.1
11.99	15022.5
12	14984.6
12.01	14833.3
12.02	14454.9
12.03	13584.6
12.04	12903.4
12.05	13395.4
12.06	14757.6
12.07	15325.2
12.08	14833.3
12.09	14303.5
12.1	13849.4
12.11	13319.7
12.12	12941.3
12.13	14303.5
12.14	15363
12.15	14984.6
12.16	14644.1
12.17	14303.5
12.18	13395.4
12.19	12789.9
12.2	13811.6
12.21	14984.6
12.22	15060.3
12.23	14833.3
12.24	14492.7
12.25	13698.1
12.26	12941.3
12.27	13281.8
12.28	14681.9
12.29	15363
12.3	14909
12.31	14341.4
12.32	13963
12.33	13319.7
12.34	12865.6
12.35	14190
12.36	15249.5
12.37	14984.6
12.38	14681.9
12.39	14417
12.4	13433.2
12.41	12789.9
12.42	13698.1
12.43	14946.8
12.44	15098.2
12.45	14757.6
12.46	14454.9
12.47	13811.6
12.48	13054.8
12.49	13168.3
12.5	14606.2
12.51	15363
12.52	14909
12.53	14454.9
12.54	14000.8
12.55	13319.7
12.56	12865.6
12.57	14076.5
12.58	15136
12.59	14984.6
12.6	14757.6
12.61	14454.9
12.62	13546.7
12.63	12827.8
12.64	13584.6
12.65	14909
12.66	15211.7
12.67	14757.6
12.68	14379.2
12.69	13849.4
12.7	13168.3
12.71	13054.8
12.72	14492.7
12.73	15363
12.74	14984.6
12.75	14492.7
12.76	14114.3
12.77	13319.7
12.78	12865.6
12.79	13963
12.8	15098.2
12.81	14984.6
12.82	14757.6
12.83	14492.7
12.84	13546.7
12.85	12865.6
12.86	13471
12.87	14795.4
12.88	15287.4
12.89	14833.3
12.9	14303.5
12.91	13849.4
12.92	13281.8
12.93	12941.3
12.94	14379.2
12.95	15363
12.96	14984.6
12.97	14606.2
12.98	14227.8
12.99	13357.5
13	12789.9
13.01	13849.4
13.02	14984.6
13.03	15022.5
13.04	14833.3
13.05	14530.6
13.06	13622.4
13.07	12941.3
13.08	13357.5
13.09	14681.9
13.1	15363
13.11	14871.1
13.12	14303.5
13.13	13925.1
13.14	13319.7
13.15	12903.4
13.16	14265.7
13.17	15287.4
13.18	14984.6
13.19	14681.9
13.2	14341.4
13.21	13395.4
13.22	12789.9
13.23	13735.9
13.24	14984.6
13.25	15060.3
13.26	14833.3
13.27	14454.9
13.28	13735.9
13.29	13017
13.3	13244
13.31	14644.1
13.32	15363
13.33	14909
13.34	14379.2
13.35	14000.8
13.36	13319.7
13.37	12865.6
13.38	14152.2
13.39	15173.8
13.4	14984.6
13.41	14757.6
13.42	14454.9
13.43	13508.9
13.44	12789.9
13.45	13622.4
13.46	14909
13.47	15173.8
13.48	14757.6
13.49	14379.2
13.5	13849.4
13.51	13130.5
13.52	13130.5
13.53	14530.6
13.54	15363
13.55	14946.8
13.56	14454.9
13.57	14076.5
13.58	13319.7
13.59	12865.6
13.6	14038.6
13.61	15136
13.62	14984.6
13.63	14757.6
13.64	14492.7
13.65	13546.7
13.66	12865.6
13.67	13508.9
13.68	14871.1
13.69	15287.4
13.7	14757.6
13.71	14341.4
13.72	13849.4
13.73	13244
13.74	13017
13.75	14417
13.76	15363
13.77	14984.6
13.78	14530.6
13.79	14190
13.8	13319.7
13.81	12789.9
13.82	13925.1
13.83	15022.5
13.84	14984.6
13.85	14833.3
13.86	14454.9
13.87	13584.6
13.88	12903.4
13.89	13395.4
13.9	14757.6
13.91	15325.2
13.92	14833.3
13.93	14303.5
13.94	13849.4
13.95	13319.7
13.96	12941.3
13.97	14303.5
13.98	15363
13.99	14984.6
14	14644.1
14.01	14303.5
14.02	13395.4
14.03	12789.9
14.04	13811.6
14.05	14984.6
14.06	15060.3
14.07	14833.3
14.08	14492.7
14.09	13698.1
14.1	12941.3
14.11	13281.8
14.12	14681.9
14.13	15363
14.14	14909
14.15	14341.4
14.16	13963
14.17	13319.7
14.18	12865.6
14.19	14190
14.2	15249.5
14.21	14984.6
14.22	14681.9
14.23	14417
14.24	13433.2
14.25	12789.9
14.26	13698.1
14.27	14946.8
14.28	15098.2
14.29	14757.6
14.3	14454.9
14.31	13811.6
14.32	13054.8
14.33	13168.3
14.34	14606.2
14.35	15363
14.36	14909
14.37	14454.9
14.38	14000.8
14.39	13319.7
14.4	12865.6
14.41	14076.5
14.42	15136
14.43	14984.6
14.44	14757.6
14.45	14454.9
14.46	13546.7
14.47	12827.8
14.48	13584.6
14.49	14909
14.5	15211.7
14.51	14757.6
14.52	14379.2
14.53	13849.4
14.54	13168.3
14.55	13054.8
14.56	14492.7
14.57	15363
14.58	14984.6
14.59	14492.7
14.6	14114.3
14.61	13319.7
14.62	12865.6
14.63	13963
14.64	15098.2
14.65	14984.6
14.66	14757.6
14.67	14492.7
14.68	13546.7
14.69	12865.6
14.7	13471
14.71	14795.4
14.72	15287.4
14.73	14833.3
14.74	14303.5
14.75	13849.4
14.76	13281.8
14.77	12941.3
14.78	14379.2
14.79	15363
14.8	14984.6
14.81	14606.2
14.82	14227.8
14.83	13357.5
14.84	12789.9
14.85	13849.4
14.86	14984.6
14.87	15022.5
14.88	14833.3
14.89	14530.6
14.9	13622.4
14.91	12941.3
14.92	13357.5
14.93	14681.9
14.94	15363
14.95	14871.1
14.96	14303.5
14.97	13925.1
14.98	13319.7
14.99	12903.4
15	14265.7
15.01	15287.4
15.02	14984.6
15.03	14681.9
15.04	14341.4
15.05	13395.4
15.06	12789.9
15.07	13735.9
15.08	14984.6
15.09	15060.3
15.1	14833.3
15.11	14454.9
15.12	13735.9
15.13	13017
15.14	13244
15.15	14644.1
15.16	15363
15.17	14909
15.18	14379.2
15.19	14000.8
15.2	13319.7
15.21	12865.6
15.22	14152.2
15.23	15173.8
15.24	14984.6
15.25	14757.6
15.26	14454.9
15.27	13508.9
15.28	12789.9
15.29	13622.4
15.3	14909
15.31	15173.8
15.32	14757.6
15.33	14379.2
15.34	13849.4
15.35	13130.5
15.36	13130.5
15.37	14530.6
15.38	15363
15.39	14946.8
15.4	14454.9
15.41	14076.5
15.42	13319.7
15.43	12865.6
15.44	14038.6
15.45	15136
15.46	14984.6
15.47	14757.6
15.48	14492.7
15.49	13546.7
15.5	12865.6
15.51	13508.9
15.52	14871.1
15.53	15287.4
15.54	14757.6
15.55	14341.4
15.56	13849.4
15.57	13244
15.58	13017
15.59	14417
15.6	15363
15.61	14984.6
15.62	14530.6
15.63	14190
15.64	13319.7
15.65	12789.9
15.66	13925.1
15.67	15022.5
15.68	14984.6
15.69	14833.3
15.7	14454.9
15.71	13584.6
15.72	12903.4
15.73	13395.4
15.74	14757.6
15.75	15325.2
15.76	14833.3
15.77	14303.5
15.78	13849.4
15.79	13319.7
15.8	12941.3
15.81	14303.5
15.82	15363
15.83	14984.6
15.84	14644.1
15.85	14303.5
15.86	13395.4
15.87	12789.9
15.88	13811.6
15.89	14984.6
15.9	15060.3
15.91	14833.3
15.92	14492.7
15.93	13698.1
15.94	12941.3
15.95	13281.8
15.96	14681.9
15.97	15363
15.98	14909
15.99	14341.4
16	13963
16.01	13319.7
16.02	12865.6
16.03	14190
16.04	15249.5
16.05	14984.6
16.06	14681.9
16.07	14417
16.08	13433.2
16.09	12789.9
16.1	13698.1
16.11	14946.8
16.12	15098.2
16.13	14757.6
16.14	14454.9
16.15	13811.6
16.16	13054.8
16.17	13168.3
16.18	14606.2
16.19	15363
16.2	14909
16.21	14454.9
16.22	14000.8
16.23	13319.7
16.24	12865.6
16.25	14076.5
16.26	15136
16.27	14984.6
16.28	14757.6
16.29	14454.9
16.3	13546.7
16.31	12827.8
16.32	13584.6
16.33	14909
16.34	15211.7
16.35	14757.6
16.36	14379.2
16.37	13849.4
16.38	13168.3
16.39	13054.8
16.4	14492.7
16.41	15363
16.42	14984.6
16.43	14492.7
16.44	14114.3
16.45	13319.7
16.46	12865.6
16.47	13963
16.48	15098.2
16.49	14984.6
16.5	14757.6
16.51	14492.7
16.52	13546.7
16.53	12865.6
16.54	13471
16.55	14795.4
16.56	15287.4
16.57	14833.3
16.58	14303.5
16.59	13849.4
16.6	13281.8
16.61	12941.3
16.62	14379.2
16.63	15363
16.64	14984.6
16.65	14606.2
16.66	14227.8
16.67	13357.5
16.68	12789.9
16.69	13849.4
16.7	14984.6
16.71	15022.5
16.72	14833.3
16.73	14530.6
16.74	13622.4
16.75	12941.3
16.76	13357.5
16.77	14681.9
16.78	15363
16.79	14871.1
16.8	14303.5
16.81	13925.1
16.82	13319.7
16.83	12903.4
16.84	14265.7
16.85	15287.4
16.86	14984.6
16.87	14681.9
16.88	14341.4
16.89	13395.4
16.9	12789.9
16.91	13735.9
16.92	14984.6
16.93	15060.3
16.94	14833.3
16.95	14454.9
16.96	13735.9
16.97	13017
16.98	13244
16.99	14644.1
17	15363
17.01	14909
17.02	14379.2
17.03	14000.8
17.04	13319.7
17.05	12865.6
17.06	14152.2
17.07	15173.8
17.08	14984.6
17.09	14757.6
17.1	14454.9
17.11	13508.9
17.12	12789.9
17.13	13622.4
17.14	14909
17.15	15173.8
17.16	14757.6
17.17	14379.2
17.18	13849.4
17.19	13130.5
17.2	13130.5
17.21	14530.6
17.22	15363
17.23	14946.8
17.24	14454.9
17.25	14076.5
17.26	13319.7
17.27	12865.6
17.28	14038.6
17.29	15136
17.3	14984.6
17.31	14757.6
17.32	14492.7
17.33	13546.7
17.34	12865.6
17.35	13508.9
17.36	14871.1
17.37	15287.4
17.38	14757.6
17.39	14341.4
17.4	13849.4
17.41	13244
17.42	13017
17.43	14417
17.44	15363
17.45	14984.6
17.46	14530.6
17.47	14190
17.48	13319.7
17.49	12789.9
17.5	13925.1
17.51	15022.5
17.52	14984.6
17.53	14833.3
17.54	14454.9
17.55	13584.6
17.56	12903.4
17.57	13395.4
17.58	14757.6
17.59	15325.2
17.6	14833.3
17.61	14303.5
17.62	13849.4
17.63	13319.7
17.64	12941.3
17.65	14303.5
17.66	15363
17.67	14984.6
17.68	14644.1
17.69	14303.5
17.7	13395.4
17.71	12789.9
17.72	13811.6
17.73	14984.6
17.74	15060.3
17.75	14833.3
17.76	14492.7
17.77	13698.1
17.78	12941.3
17.79	13281.8
17.8	14681.9
17.81	15363
17.82	14909
17.83	14341.4
17.84	13963
17.85	13319.7
17.86	12865.6
17.87	14190
17.88	15249.5
17.89	14984.6
17.9	14681.9
17.91	14417
17.92	13433.2
17.93	12789.9
17.94	13698.1
17.95	14946.8
17.96	15098.2
17.97	14757.6
17.98	14454.9
17.99	13811.6
18	13054.8
18.01	13168.3
18.02	14606.2
18.03	15363
18.04	14909
18.05	14454.9
18.06	14000.8
18.07	13319.7
18.08	12865.6
18.09	14076.5
18.1	15136
18.11	14984.6
18.12	14757.6
18.13	14454.9
18.14	13546.7
18.15	12827.8
18.16	13584.6
18.17	14909
18.18	15211.7
18.19	14757.6
18.2	14379.2
18.21	13849.4
18.22	13168.3
18.23	13054.8
18.24	14492.7
18.25	15363
18.26	14984.6
18.27	14492.7
18.28	14114.3
18.29	13319.7
18.3	12865.6
18.31	13963
18.32	15098.2
18.33	14984.6
18.34	14757.6
18.35	14492.7
18.36	13546.7
18.37	12865.6
18.38	13471
18.39	14795.4
18.4	15287.4
18.41	14833.3
18.42	14303.5
18.43	13849.4
18.44	13281.8
18.45	12941.3
18.46	14379.2
18.47	15363
18.48	14984.6
18.49	14606.2
18.5	14227.8
18.51	13357.5
18.52	12789.9
18.53	13849.4
18.54	14984.6
18.55	15022.5
18.56	14833.3
18.57	14530.6
18.58	13622.4
18.59	12941.3
18.6	13357.5
18.61	14681.9
18.62	15363
18.63	14871.1
18.64	14303.5
18.65	13925.1
18.66	13319.7
18.67	12903.4
18.68	14265.7
18.69	15287.4
18.7	14984.6
18.71	14681.9
18.72	14341.4
18.73	13395.4
18.74	12789.9
18.75	13735.9
18.76	14984.6
18.77	15060.3
18.78	14833.3
18.79	14454.9
18.8	13735.9
18.81	13017
18.82	13244
18.83	14644.1
18.84	15363
18.85	14909
18.86	14379.2
18.87	14000.8
18.88	13319.7
18.89	12865.6
18.9	14152.2
18.91	15173.8
18.92	14984.6
18.93	14757.6
18.94	14454.9
18.95	13508.9
18.96	12789.9
18.97	13622.4
18.98	14909
18.99	15173.8
19	14757.6
19.01	14379.2
19.02	13849.4
19.03	13130.5
19.04	13130.5
19.05	14530.6
19.06	15363
19.07	14946.8
19.08	14454.9
19.09	14076.5
19.1	13319.7
19.11	12865.6
19.12	14038.6
19.13	15136
19.14	14984.6
19.15	14757.6
19.16	14492.7
19.17	13546.7
19.18	12865.6
19.19	13508.9
19.2	14871.1
19.21	15287.4
19.22	14757.6
19.23	14341.4
19.24	13849.4
19.25	13244
19.26	13017
19.27	14417
19.28	15363
19.29	14984.6
19.3	14530.6
19.31	14190
19.32	13319.7
19.33	12789.9
19.34	13925.1
19.35	15022.5
19.36	14984.6
19.37	14833.3
19.38	14454.9
19.39	13584.6
19.4	12903.4
19.41	13395.4
19.42	14757.6
19.43	15325.2
19.44	14833.3
19.45	14303.5
19.46	13849.4
19.47	13319.7
19.48	12941.3
19.49	14303.5
19.5	15363
19.51	14984.6
19.52	14644.1
19.53	14303.5
19.54	13395.4
19.55	12789.9
19.56	13811.6
19.57	14984.6
19.58	15060.3
19.59	14833.3
19.6	14492.7
19.61	13698.1
19.62	12941.3
19.63	13281.8
19.64	14681.9
19.65	15363
19.66	14909
19.67	14341.4
19.68	13963
19.69	13319.7
19.7	12865.6
19.71	14190
19.72	15249.5
19.73	14984.6
19.74	14681.9
19.75	14417
19.76	13433.2
19.77	12789.9
19.78	13698.1
19.79	14946.8
19.8	15098.2
19.81	14757.6
19.82	14454.9
19.83	13811.6
19.84	13054.8
19.85	13168.3
19.86	14606.2
19.87	15363
19.88	14909
19.89	14454.9
19.9	14000.8
19.91	13319.7
19.92	12865.6
19.93	14076.5
19.94	15136
19.95	14984.6
19.96	14757.6
19.97	14454.9
19.98	13546.7
19.99	12827.8
20	13584.6
20.01	14909
20.02	15211.7
20.03	14757.6
20.04	14379.2
20.05	13849.4
20.06	13168.3
20.07	13054.8
20.08	14492.7
20.09	15363
20.1	14984.6
20.11	14492.7
20.12	14114.3
20.13	13319.7
20.14	12865.6
20.15	13963
20.16	15098.2
20.17	14984.6
20.18	14757.6
20.19	14492.7
20.2	13546.7
20.21	12865.6
20.22	13471
20.23	14795.4
20.24	15287.4
20.25	14833.3
20.26	14303.5
20.27	13849.4
20.28	13281.8
20.29	12941.3
20.3	14379.2
20.31	15363
20.32	14984.6
20.33	14606.2
20.34	14227.8
20.35	13357.5
20.36	12789.9
20.37	13849.4
20.38	14984.6
20.39	15022.5
20.4	14833.3
20.41	14530.6
20.42	13622.4
20.43	12941.3
20.44	13357.5
20.45	14681.9
20.46	15363
20.47	14871.1
20.48	14303.5
20.49	13925.1
20.5	13319.7
20.51	12903.4
20.52	14265.7
20.53	15287.4
20.54	14984.6
20.55	14681.9
20.56	14341.4
20.57	13395.4
20.58	12789.9
20.59	13735.9
20.6	14984.6
20.61	15060.3
20.62	14833.3
20.63	14454.9
20.64	13735.9
20.65	13017
20.66	13244
20.67	14644.1
20.68	15363
20.69	14909
20.7	14379.2
20.71	14000.8
20.72	13319.7
20.73	12865.6
20.74	14152.2
20.75	15173.8
20.76	14984.6
20.77	14757.6
20.78	14454.9
20.79	13508.9
20.8	12789.9
20.81	13622.4
20.82	14909
20.83	15173.8
20.84	14757.6
20.85	14379.2
20.86	13849.4
20.87	13130.5
20.88	13130.5
20.89	14530.6
20.9	15363
20.91	14946.8
20.92	14454.9
20.93	14076.5
20.94	13319.7
20.95	12865.6
20.96	14038.6
20.97	15136
20.98	14984.6
20.99	14757.6
21	14492.7
21.01	13546.7
21.02	12865.6
21.03	13508.9
21.04	14871.1
21.05	15287.4
21.06	14757.6
21.07	14341.4
21.08	13849.4
21.09	13244
21.1	13017
21.11	14417
21.12	15363
21.13	14984.6
21.14	14530.6
21.15	14190
21.16	13319.7
21.17	12789.9
21.18	13925.1
21.19	15022.5
21.2	14984.6
21.21	14833.3
21.22	14454.9
21.23	13584.6
21.24	12903.4
21.25	13395.4
21.26	14757.6
21.27	15325.2
21.28	14833.3
21.29	14303.5
21.3	13849.4
21.31	13319.7
21.32	12941.3
21.33	14303.5
21.34	15363
21.35	14984.6
21.36	14644.1
21.37	14303.5
21.38	13395.4
21.39	12789.9
21.4	13811.6
21.41	14984.6
21.42	15060.3
21.43	14833.3
21.44	14492.7
21.45	13698.1
21.46	12941.3
21.47	13281.8
21.48	14681.9
21.49	15363
21.5	14909
21.51	14341.4
21.52	13963
21.53	13319.7
21.54	12865.6
21.55	14190
21.56	15249.5
21.57	14984.6
21.58	14681.9
21.59	14417
21.6	13433.2
21.61	12789.9
21.62	13698.1
21.63	14946.8
21.64	15098.2
21.65	14757.6
21.66	14454.9
21.67	13811.6
21.68	13054.8
21.69	13168.3
21.7	14606.2
21.71	15363
21.72	14909
21.73	14454.9
21.74	14000.8
21.75	13319.7
21.76	12865.6
21.77	14076.5
21.78	15136
21.79	14984.6
21.8	14757.6
21.81	14454.9
21.82	13546.7
21.83	12827.8
21.84	13584.6
21.85	14909
21.86	15211.7
21.87	14757.6
21.88	14379.2
21.89	13849.4
21.9	13168.3
21.91	13054.8
21.92	14492.7
21.93	15363
21.94	14984.6
21.95	14492.7
21.96	14114.3
21.97	13319.7
21.98	12865.6
21.99	13963
22	15098.2
22.01	14984.6
22.02	14757.6
22.03	14492.7
22.04	13546.7
22.05	12865.6
22.06	13471
22.07	14795.4
22.08	15287.4
22.09	14833.3
22.1	14303.5
22.11	13849.4
22.12	13281.8
22.13	12941.3
22.14	14379.2
22.15	15363
22.16	14984.6
22.17	14606.2
22.18	14227.8
22.19	13357.5
22.2	12789.9
22.21	13849.4
22.22	14984.6
22.23	15022.5
22.24	14833.3
22.25	14530.6
22.26	13622.4
22.27	12941.3
22.28	13357.5
22.29	14681.9
22.3	15363
22.31	14871.1
22.32	14303.5
22.33	13925.1
22.34	13319.7
22.35	12903.4
22.36	14265.7
22.37	15287.4
22.38	14984.6
22.39	14681.9
22.4	14341.4
22.41	13395.4
22.42	12789.9
22.43	13735.9
22.44	14984.6
22.45	15060.3
22.46	14833.3
22.47	14454.9
22.48	13735.9
22.49	13017
22.5	13244
22.51	14644.1
22.52	15363
22.53	14909
22.54	14379.2
22.55	14000.8
22.56	13319.7
22.57	12865.6
22.58	14152.2
22.59	15173.8
22.6	14984.6
22.61	14757.6
22.62	14454.9
22.63	13508.9
22.64	12789.9
22.65	13622.4
22.66	14909
22.67	15173.8
22.68	14757.6
22.69	14379.2
22.7	13849.4
22.71	13130.5
22.72	13130.5
22.73	14530.6
22.74	15363
22.75	14946.8
22.76	14454.9
22.77	14076.5
22.78	13319.7
22.79	12865.6
22.8	14038.6
22.81	15136
22.82	14984.6
22.83	14757.6
22.84	14492.7
22.85	13546.7
22.86	12865.6
22.87	13508.9
22.88	14871.1
22.89	15287.4
22.9	14757.6
22.91	14341.4
22.92	13849.4
22.93	13244
22.94	13017
22.95	14417
22.96	15363
22.97	14984.6
22.98	14530.6
22.99	14190
23	13319.7
23.01	12789.9
23.02	13925.1
23.03	15022.5
23.04	14984.6
23.05	14833.3
23.06	14454.9
23.07	13584.6
23.08	12903.4
23.09	13395.4
23.1	14757.6
23.11	15325.2
23.12	14833.3
23.13	14303.5
23.14	13849.4
23.15	13319.7
23.16	12941.3
23.17	14303.5
23.18	15363
23.19	14984.6
23.2	14644.1
23.21	14303.5
23.22	13395.4
23.23	12789.9
23.24	13811.6
23.25	14984.6
23.26	15060.3
23.27	14833.3
23.28	14492.7
23.29	13698.1
23.3	12941.3
23.31	13281.8
23.32	14681.9
23.33	15363
23.34	14909
23.35	14341.4
23.36	13963
23.37	13319.7
23.38	12865.6
23.39	14190
23.4	15249.5
23.41	14984.6
23.42	14681.9
23.43	14417
23.44	13433.2
23.45	12789.9
23.46	13698.1
23.47	14946.8
23.48	15098.2
23.49	14757.6
23.5	14454.9
23.51	13811.6
23.52	13054.8
23.53	13168.3
23.54	14606.2
23.55	15363
23.56	14909
23.57	14454.9
23.58	14000.8
23.59	13319.7
23.6	12865.6
23.61	14076.5
23.62	15136
23.63	14984.6
23.64	14757.6
23.65	14454.9
23.66	13546.7
23.67	12827.8
23.68	13584.6
23.69	14909
23.7	15211.7
23.71	14757.6
23.72	14379.2
23.73	13849.4
23.74	13168.3
23.75	13054.8
23.76	14492.7
23.77	15363
23.78	14984.6
23.79	14492.7
23.8	14114.3
23.81	13319.7
23.82	12865.6
23.83	13963
23.84	15098.2
23.85	14984.6
23.86	14757.6
23.87	14492.7
23.88	13546.7
23.89	12865.6
23.9	13471
23.91	14795.4
23.92	15287.4
23.93	14833.3
23.94	14303.5
23.95	13849.4
23.96	13281.8
23.97	12941.3
23.98	14379.2
23.99	15363
24	14984.6
24.01	14606.2
24.02	14227.8
24.03	13357.5
24.04	12789.9
24.05	13849.4
24.06	14984.6
24.07	15022.5
24.08	14833.3
24.09	14530.6
24.1	13622.4
24.11	12941.3
24.12	13357.5
24.13	14681.9
24.14	15363
24.15	14871.1
24.16	14303.5
24.17	13925.1
24.18	13319.7
24.19	12903.4
24.2	14265.7
24.21	15287.4
24.22	14984.6
24.23	14681.9
24.24	14341.4
24.25	13395.4
24.26	12789.9
24.27	13735.9
24.28	14984.6
24.29	15060.3
24.3	14833.3
24.31	14454.9
24.32	13735.9
24.33	13017
24.34	13244
24.35	14644.1
24.36	15363
24.37	14909
24.38	14379.2
24.39	14000.8
24.4	13319.7
24.41	12865.6
24.42	14152.2
24.43	15173.8
24.44	14984.6
24.45	14757.6
24.46	14454.9
24.47	13508.9
24.48	12789.9
24.49	13622.4
24.5	14909
24.51	15173.8
24.52	14757.6
24.53	14379.2
24.54	13849.4
24.55	13130.5
24.56	13130.5
24.57	14530.6
24.58	15363
24.59	14946.8
24.6	14454.9
24.61	14076.5
24.62	13319.7
24.63	12865.6
24.64	14038.6
24.65	15136
24.66	14984.6
24.67	14757.6
24.68	14492.7
24.69	13546.7
24.7	12865.6
24.71	13508.9
24.72	14871.1
24.73	15287.4
24.74	14757.6
24.75	14341.4
24.76	13849.4
24.77	13244
24.78	13017
24.79	14417
24.8	15363
24.81	14984.6
24.82	14530.6
24.83	14190
24.84	13319.7
24.85	12789.9
24.86	13925.1
24.87	15022.5
24.88	14984.6
24.89	14833.3
24.9	14454.9
24.91	13584.6
24.92	12903.4
24.93	13395.4
24.94	14757.6
24.95	15325.2
24.96	14833.3
24.97	14303.5
24.98	13849.4
24.99	13319.7
25	12941.3
25.01	14303.5
25.02	15363
25.03	14984.6
25.04	14644.1
25.05	14303.5
25.06	13395.4
25.07	12789.9
25.08	13811.6
25.09	14984.6
25.1	15060.3
25.11	14833.3
25.12	14492.7
25.13	13698.1
25.14	12941.3
25.15	13281.8
25.16	14681.9
25.17	15363
25.18	14909
25.19	14341.4
25.2	13963
25.21	13319.7
25.22	12865.6
25.23	14190
25.24	15249.5
25.25	14984.6
25.26	14681.9
25.27	14417
25.28	13433.2
25.29	12789.9
25.3	13698.1
25.31	14946.8
25.32	15098.2
25.33	14757.6
25.34	14454.9
25.35	13811.6
25.36	13054.8
25.37	13168.3
25.38	14606.2
25.39	15363
25.4	14909
25.41	14454.9
25.42	14000.8
25.43	13319.7
25.44	12865.6
25.45	14076.5
25.46	15136
25.47	14984.6
25.48	14757.6
25.49	14454.9
25.5	13546.7
25.51	12827.8
25.52	13584.6
25.53	14909
25.54	15211.7
25.55	14757.6
25.56	14379.2
25.57	13849.4
25.58	13168.3
25.59	13054.8
25.6	14492.7
25.61	15363
25.62	14984.6
25.63	14492.7
25.64	14114.3
25.65	13319.7
25.66	12865.6
25.67	13963
25.68	15098.2
25.69	14984.6
25.7	14757.6
25.71	14492.7
25.72	13546.7
25.73	12865.6
25.74	13471
25.75	14795.4
25.76	15287.4
25.77	14833.3
25.78	14303.5
25.79	13849.4
25.8	13281.8
25.81	12941.3
25.82	14379.2
25.83	15363
25.84	14984.6
25.85	14606.2
25.86	14227.8
25.87	13357.5
25.88	12789.9
25.89	13849.4
25.9	14984.6
25.91	15022.5
25.92	14833.3
25.93	14530.6
25.94	13622.4
25.95	12941.3
25.96	13357.5
25.97	14681.9
25.98	15363
25.99	14871.1
26	14303.5
26.01	13925.1
26.02	13319.7
26.03	12903.4
26.04	14265.7
26.05	15287.4
26.06	14984.6
26.07	14681.9
26.08	14341.4
26.09	13395.4
26.1	12789.9
26.11	13735.9
26.12	14984.6
26.13	15060.3
26.14	14833.3
26.15	14454.9
26.16	13735.9
26.17	13017
26.18	13244
26.19	14644.1
26.2	15363
26.21	14909
26.22	14379.2
26.23	14000.8
26.24	13319.7
26.25	12865.6
26.26	14152.2
26.27	15173.8
26.28	14984.6
26.29	14757.6
26.3	14454.9
26.31	13508.9
26.32	12789.9
26.33	13622.4
26.34	14909
26.35	15173.8
26.36	14757.6
26.37	14379.2
26.38	13849.4
26.39	13130.5
26.4	13130.5
26.41	14530.6
26.42	15363
26.43	14946.8
26.44	14454.9
26.45	14076.5
26.46	13319.7
26.47	12865.6
26.48	14038.6
26.49	15136
26.5	14984.6
26.51	14757.6
26.52	14492.7
26.53	13546.7
26.54	12865.6
26.55	13508.9
26.56	14871.1
26.57	15287.4
26.58	14757.6
26.59	14341.4
26.6	13849.4
26.61	13244
26.62	13017
26.63	14417
26.64	15363
26.65	14984.6
26.66	14530.6
26.67	14190
26.68	13319.7
26.69	12789.9
26.7	13925.1
26.71	15022.5
26.72	14984.6
26.73	14833.3
26.74	14454.9
26.75	13584.6
26.76	12903.4
26.77	13395.4
26.78	14757.6
26.79	15325.2
26.8	14833.3
26.81	14303.5
26.82	13849.4
26.83	13319.7
26.84	12941.3
26.85	14303.5
26.86	15363
26.87	14984.6
26.88	14644.1
26.89	14303.5
26.9	13395.4
26.91	12789.9
26.92	13811.6
26.93	14984.6
26.94	15060.3
26.95	14833.3
26.96	14492.7
26.97	13698.1
26.98	12941.3
26.99	13281.8
27	14681.9
27.01	15363
27.02	14909
27.03	14341.4
27.04	13963
27.05	13319.7
27.06	12865.6
27.07	14190
27.08	15249.5
27.09	14984.6
27.1	14681.9
27.11	14417
27.12	13433.2
27.13	12789.9
27.14	13698.1
27.15	14946.8
27.16	15098.2
27.17	14757.6
27.18	14454.9
27.19	13811.6
27.2	13054.8
27.21	13168.3
27.22	14606.2
27.23	15363
27.24	14909
27.25	14454.9
27.26	14000.8
27.27	13319.7
27.28	12865.6
27.29	14076.5
27.3	15136
27.31	14984.6
27.32	14757.6
27.33	14454.9
27.34	13546.7
27.35	12827.8
27.36	13584.6
27.37	14909
27.38	15211.7
27.39	14757.6
27.4	14379.2
27.41	13849.4
27.42	13168.3
27.43	13054.8
27.44	14492.7
27.45	15363
27.46	14984.6
27.47	14492.7
27.48	14114.3
27.49	13319.7
27.5	12865.6
27.51	13963
27.52	15098.2
27.53	14984.6
27.54	14757.6
27.55	14492.7
27.56	13546.7
27.57	12865.6
27.58	13471
27.59	14795.4
27.6	15287.4
27.61	14833.3
27.62	14303.5
27.63	13849.4
27.64	13281.8
27.65	12941.3
27.66	14379.2
27.67	15363
27.68	14984.6
27.69	14606.2
27.7	14227.8
27.71	13357.5
27.72	12789.9
27.73	13849.4
27.74	14984.6
27.75	15022.5
27.76	14833.3
27.77	14530.6
27.78	13622.4
27.79	12941.3
27.8	13357.5
27.81	14681.9
27.82	15363
27.83	14871.1
27.84	14303.5
27.85	13925.1
27.86	13319.7
27.87	12903.4
27.88	14265.7
27.89	15287.4
27.9	14984.6
27.91	14681.9
27.92	14341.4
27.93	13395.4
27.94	12789.9
27.95	13735.9
27.96	14984.6
27.97	15060.3
27.98	14833.3
27.99	14454.9
28	13735.9
28.01	13017
28.02	13244
28.03	14644.1
28.04	15363
28.05	14909
28.06	14379.2
28.07	14000.8
28.08	13319.7
28.09	12865.6
28.1	14152.2
28.11	15173.8
28.12	14984.6
28.13	14757.6
28.14	14454.9
28.15	13508.9
28.16	12789.9
28.17	13622.4
28.18	14909
28.19	15173.8
28.2	14757.6
28.21	14379.2
28.22	13849.4
28.23	13130.5
28.24	13130.5
28.25	14530.6
28.26	15363
28.27	14946.8
28.28	14454.9
28.29	14076.5
28.3	13319.7
28.31	12865.6
28.32	14038.6
28.33	15136
28.34	14984.6
28.35	14757.6
28.36	14492.7
28.37	13546.7
28.38	12865.6
28.39	13508.9
28.4	14871.1
28.41	15287.4
28.42	14757.6
28.43	14341.4
28.44	13849.4
28.45	13244
28.46	13017
28.47	14417
28.48	15363
28.49	14984.6
28.5	14530.6
28.51	14190
28.52	13319.7
28.53	12789.9
28.54	13925.1
28.55	15022.5
28.56	14984.6
28.57	14833.3
28.58	14454.9
28.59	13584.6
28.6	12903.4
28.61	13395.4
28.62	14757.6
28.63	15325.2
28.64	14833.3
28.65	14303.5
28.66	13849.4
28.67	13319.7
28.68	12941.3
28.69	14303.5
28.7	15363
28.71	14984.6
28.72	14644.1
28.73	14303.5
28.74	13395.4
28.75	12789.9
28.76	13811.6
28.77	14984.6
28.78	15060.3
28.79	14833.3
28.8	14492.7
28.81	13698.1
28.82	12941.3
28.83	13281.8
28.84	14681.9
28.85	15363
28.86	14909
28.87	14341.4
28.88	13963
28.89	13319.7
28.9	12865.6
28.91	14190
28.92	15249.5
28.93	14984.6
28.94	14681.9
28.95	14417
28.96	13433.2
28.97	12789.9
28.98	13698.1
28.99	14946.8
29	15098.2
29.01	14757.6
29.02	14454.9
29.03	13811.6
29.04	13054.8
29.05	13168.3
29.06	14606.2
29.07	15363
29.08	14909
29.09	14454.9
29.1	14000.8
29.11	13319.7
29.12	12865.6
29.13	14076.5
29.14	15136
29.15	14984.6
29.16	14757.6
29.17	14454.9
29.18	13546.7
29.19	12827.8
29.2	13584.6
29.21	14909
29.22	15211.7
29.23	14757.6
29.24	14379.2
29.25	13849.4
29.26	13168.3
29.27	13054.8
29.28	14492.7
29.29	15363
29.3	14984.6
29.31	14492.7
29.32	14114.3
29.33	13319.7
29.34	12865.6
29.35	13963
29.36	15098.2
29.37	14984.6
29.38	14757.6
29.39	14492.7
29.4	13546.7
29.41	12865.6
29.42	13471
29.43	14795.4
29.44	15287.4
29.45	14833.3
29.46	14303.5
29.47	13849.4
29.48	13281.8
29.49	12941.3
29.5	14379.2
29.51	15363
29.52	14984.6
29.53	14606.2
29.54	14227.8
29.55	13357.5
29.56	12789.9
29.57	13849.4
29.58	14984.6
29.59	15022.5
29.6	14833.3
29.61	14530.6
29.62	13622.4
29.63	12941.3
29.64	13357.5
29.65	14681.9
29.66	15363
29.67	14871.1
29.68	14303.5
29.69	13925.1
29.7	13319.7
29.71	12903.4
29.72	14265.7
29.73	15287.4
29.74	14984.6
29.75	14681.9
29.76	14341.4
29.77	13395.4
29.78	12789.9
29.79	13735.9
29.8	14984.6
29.81	15060.3
29.82	14833.3
29.83	14454.9
29.84	13735.9
29.85	13017
29.86	13244
29.87	14644.1
29.88	15363
29.89	14909
29.9	14379.2
29.91	14000.8
29.92	13319.7
29.93	12865.6
29.94	14152.2
29.95	15173.8
29.96	14984.6
29.97	14757.6
29.98	14454.9
29.99	13508.9
30	12789.9
30.01	13622.4
30.02	14909
30.03	15173.8
30.04	14757.6
30.05	14379.2
30.06	13849.4
30.07	13130.5
30.08	13130.5
30.09	14530.6
30.1	15363
30.11	14946.8
30.12	14454.9
30.13	14076.5
30.14	13319.7
30.15	12865.6
30.16	14038.6
30.17	15136
30.18	14984.6
30.19	14757.6
30.2	14492.7
30.21	13546.7
30.22	12865.6
30.23	13508.9
30.24	14871.1
30.25	15287.4
30.26	14757.6
30.27	14341.4
30.28	13849.4
30.29	13244
30.3	13017
30.31	14417
30.32	15363
30.33	14984.6
30.34	14530.6
30.35	14190
30.36	13319.7
30.37	12789.9
30.38	13925.1
30.39	15022.5
30.4	14984.6
30.41	14833.3
30.42	14454.9
30.43	13584.6
30.44	12903.4
30.45	13395.4
30.46	14757.6
30.47	15325.2
30.48	14833.3
30.49	14303.5
30.5	13849.4
30.51	13319.7
30.52	12941.3
30.53	14303.5
30.54	15363
30.55	14984.6
30.56	14644.1
30.57	14303.5
30.58	13395.4
30.59	12789.9
30.6	13811.6
30.61	14984.6
30.62	15060.3
30.63	14833.3
30.64	14492.7
30.65	13698.1
30.66	12941.3
30.67	13281.8
30.68	14681.9
30.69	15363
30.7	14909
30.71	14341.4
30.72	13963
30.73	13319.7
30.74	12865.6
30.75	14190
30.76	15249.5
30.77	14984.6
30.78	14681.9
30.79	14417
30.8	13433.2
30.81	12789.9
30.82	13698.1
30.83	14946.8
30.84	15098.2
30.85	14757.6
30.86	14454.9
30.87	13811.6
30.88	13054.8
30.89	13168.3
30.9	14606.2
30.91	15363
30.92	14909
30.93	14454.9
30.94	14000.8
30.95	13319.7
30.96	12865.6
30.97	14076.5
30.98	15136
30.99	14984.6
31	14757.6
31.01	14454.9
31.02	13546.7
31.03	12827.8
31.04	13584.6
31.05	14909
31.06	15211.7
31.07	14757.6
31.08	14379.2
31.09	13849.4
31.1	13168.3
31.11	13054.8
31.12	14492.7
31.13	15363
31.14	14984.6
31.15	14492.7
31.16	14114.3
31.17	13319.7
31.18	12865.6
31.19	13963
31.2	15098.2
31.21	14984.6
31.22	14757.6
31.23	14492.7
31.24	13546.7
31.25	12865.6
31.26	13471
31.27	14795.4
31.28	15287.4
31.29	14833.3
31.3	14303.5
31.31	13849.4
31.32	13281.8
31.33	12941.3
31.34	14379.2
31.35	15363
31.36	14984.6
31.37	14606.2
31.38	14227.8
31.39	13357.5
31.4	12789.9
31.41	13849.4
31.42	14984.6
31.43	15022.5
31.44	14833.3
31.45	14530.6
31.46	13622.4
31.47	12941.3
31.48	13357.5
31.49	14681.9
31.5	15363
31.51	14871.1
31.52	14303.5
31.53	13925.1
31.54	13319.7
31.55	12903.4
31.56	14265.7
31.57	15287.4
31.58	14984.6
31.59	14681.9
31.6	14341.4
31.61	13395.4
31.62	12789.9
31.63	13735.9
31.64	14984.6
31.65	15060.3
31.66	14833.3
31.67	14454.9
31.68	13735.9
31.69	13017
31.7	13244
31.71	14644.1
31.72	15363
31.73	14909
31.74	14379.2
31.75	14000.8
31.76	13319.7
31.77	12865.6
31.78	14152.2
31.79	15173.8
31.8	14984.6
31.81	14757.6
31.82	14454.9
31.83	13508.9
31.84	12789.9
31.85	13622.4
31.86	14909
31.87	15173.8
31.88	14757.6
31.89	14379.2
31.9	13849.4
31.91	13130.5
31.92	13130.5
31.93	14530.6
31.94	15363
31.95	14946.8
31.96	14454.9
31.97	14076.5
31.98	13319.7
31.99	12865.6
32	14038.6
32.01	15136
32.02	14984.6
32.03	14757.6
32.04	14492.7
32.05	13546.7
32.06	12865.6
32.07	13508.9
32.08	14871.1
32.09	15287.4
32.1	14757.6
32.11	14341.4
32.12	13849.4
32.13	13244
32.14	13017
32.15	14417
32.16	15363
32.17	14984.6
32.18	14530.6
32.19	14190
32.2	13319.7
32.21	12789.9
32.22	13925.1
32.23	15022.5
32.24	14984.6
32.25	14833.3
32.26	14454.9
32.27	13584.6
32.28	12903.4
32.29	13395.4
32.3	14757.6
32.31	15325.2
32.32	14833.3
32.33	14303.5
32.34	13849.4
32.35	13319.7
32.36	12941.3
32.37	14303.5
32.38	15363
32.39	14984.6
32.4	14644.1
32.41	14303.5
32.42	13395.4
32.43	12789.9
32.44	13811.6
32.45	14984.6
32.46	15060.3
32.47	14833.3
32.48	14492.7
32.49	13698.1
32.5	12941.3
32.51	13281.8
32.52	14681.9
32.53	15363
32.54	14909
32.55	14341.4
32.56	13963
32.57	13319.7
32.58	12865.6
32.59	14190
32.6	15249.5
32.61	14984.6
32.62	14681.9
32.63	14417
32.64	13433.2
32.65	12789.9
32.66	13698.1
32.67	14946.8
32.68	15098.2
32.69	14757.6
32.7	14454.9
32.71	13811.6
32.72	13054.8
32.73	13168.3
32.74	14606.2
32.75	15363
32.76	14909
32.77	14454.9
32.78	14000.8
32.79	13319.7
32.8	12865.6
32.81	14076.5
32.82	15136
32.83	14984.6
32.84	14757.6
32.85	14454.9
32.86	13546.7
32.87	12827.8
32.88	13584.6
32.89	14909
32.9	15211.7
32.91	14757.6
32.92	14379.2
32.93	13849.4
32.94	13168.3
32.95	13054.8
32.96	14492.7
32.97	15363
32.98	14984.6
32.99	14492.7
33	14114.3
33.01	13319.7
33.02	12865.6
33.03	13963
33.04	15098.2
33.05	14984.6
33.06	14757.6
33.07	14492.7
33.08	13546.7
33.09	12865.6
33.1	13471
33.11	14795.4
33.12	15287.4
33.13	14833.3
33.14	14303.5
33.15	13849.4
33.16	13281.8
33.17	12941.3
33.18	14379.2
33.19	15363
33.2	14984.6
33.21	14606.2
33.22	14227.8
33.23	13357.5
33.24	12789.9
33.25	13849.4
33.26	14984.6
33.27	15022.5
33.28	14833.3
33.29	14530.6
33.3	13622.4
33.31	12941.3
33.32	13357.5
33.33	14681.9
33.34	15363
33.35	14871.1
33.36	14303.5
33.37	13925.1
33.38	13319.7
33.39	12903.4
33.4	14265.7
33.41	15287.4
33.42	14984.6
33.43	14681.9
33.44	14341.4
33.45	13395.4
33.46	12789.9
33.47	13735.9
33.48	14984.6
33.49	15060.3
33.5	14833.3
33.51	14454.9
33.52	13735.9
33.53	13017
33.54	13244
33.55	14644.1
33.56	15363
33.57	14909
33.58	14379.2
33.59	14000.8
33.6	13319.7
33.61	12865.6
33.62	14152.2
33.63	15173.8
33.64	14984.6
33.65	14757.6
33.66	14454.9
33.67	13508.9
33.68	12789.9
33.69	13622.4
33.7	14909
33.71	15173.8
33.72	14757.6
33.73	14379.2
33.74	13849.4
33.75	13130.5
33.76	13130.5
33.77	14530.6
33.78	15363
33.79	14946.8
33.8	14454.9
33.81	14076.5
33.82	13319.7
33.83	12865.6
33.84	14038.6
33.85	15136
33.86	14984.6
33.87	14757.6
33.88	14492.7
33.89	13546.7
33.9	12865.6
33.91	13508.9
33.92	14871.1
33.93	15287.4
33.94	14757.6
33.95	14341.4
33.96	13849.4
33.97	13244
33.98	13017
33.99	14417
34	15363
34.01	14984.6
34.02	14530.6
34.03	14190
34.04	13319.7
34.05	12789.9
34.06	13925.1
34.07	15022.5
34.08	14984.6
34.09	14833.3
34.1	14454.9
34.11	13584.6
34.12	12903.4
34.13	13395.4
34.14	14757.6
34.15	15325.2
34.16	14833.3
34.17	14303.5
34.18	13849.4
34.19	13319.7
34.2	12941.3
34.21	14303.5
34.22	15363
34.23	14984.6
34.24	14644.1
34.25	14303.5
34.26	13395.4
34.27	12789.9
34.28	13811.6
34.29	14984.6
34.3	15060.3
34.31	14833.3
34.32	14492.7
34.33	13698.1
34.34	12941.3
34.35	13281.8
34.36	14681.9
34.37	15363
34.38	14909
34.39	14341.4
34.4	13963
34.41	13319.7
34.42	12865.6
34.43	14190
34.44	15249.5
34.45	14984.6
34.46	14681.9
34.47	14417
34.48	13433.2
34.49	12789.9
34.5	13698.1
34.51	14946.8
34.52	15098.2
34.53	14757.6
34.54	14454.9
34.55	13811.6
34.56	13054.8
34.57	13168.3
34.58	14606.2
34.59	15363
34.6	14909
34.61	14454.9
34.62	14000.8
34.63	13319.7
34.64	12865.6
34.65	14076.5
34.66	15136
34.67	14984.6
34.68	14757.6
34.69	14454.9
34.7	13546.7
34.71	12827.8
34.72	13584.6
34.73	14909
34.74	15211.7
34.75	14757.6
34.76	14379.2
34.77	13849.4
34.78	13168.3
34.79	13054.8
34.8	14492.7
34.81	15363
34.82	14984.6
34.83	14492.7
34.84	14114.3
34.85	13319.7
34.86	12865.6
34.87	13963
34.88	15098.2
34.89	14984.6
34.9	14757.6
34.91	14492.7
34.92	13546.7
34.93	12865.6
34.94	13471
34.95	14795.4
34.96	15287.4
34.97	14833.3
34.98	14303.5
34.99	13849.4
35	13281.8
35.01	12941.3
35.02	14379.2
35.03	15363
35.04	14984.6
35.05	14606.2
35.06	14227.8
35.07	13357.5
35.08	12789.9
35.09	13849.4
35.1	14984.6
35.11	15022.5
35.12	14833.3
35.13	14530.6
35.14	13622.4
35.15	12941.3
35.16	13357.5
35.17	14681.9
35.18	15363
35.19	14871.1
35.2	14303.5
35.21	13925.1
35.22	13319.7
35.23	12903.4
35.24	14265.7
35.25	15287.4
35.26	14984.6
35.27	14681.9
35.28	14341.4
35.29	13395.4
35.3	12789.9
35.31	13735.9
35.32	14984.6
35.33	15060.3
35.34	14833.3
35.35	14454.9
35.36	13735.9
35.37	13017
35.38	13244
35.39	14644.1
35.4	15363
35.41	14909
35.42	14379.2
35.43	14000.8
35.44	13319.7
35.45	12865.6
35.46	14152.2
35.47	15173.8
35.48	14984.6
35.49	14757.6
35.5	14454.9
35.51	13508.9
35.52	12789.9
35.53	13622.4
35.54	14909
35.55	15173.8
35.56	14757.6
35.57	14379.2
35.58	13849.4
35.59	13130.5
35.6	13130.5
35.61	14530.6
35.62	15363
35.63	14946.8
35.64	14454.9
35.65	14076.5
35.66	13319.7
35.67	12865.6
35.68	14038.6
35.69	15136
35.7	14984.6
35.71	14757.6
35.72	14492.7
35.73	13546.7
35.74	12865.6
35.75	13508.9
35.76	14871.1
35.77	15287.4
35.78	14757.6
35.79	14341.4
35.8	13849.4
35.81	13244
35.82	13017
35.83	14417
35.84	15363
35.85	14984.6
35.86	14530.6
35.87	14190
35.88	13319.7
35.89	12789.9
35.9	13925.1
35.91	15022.5
35.92	14984.6
35.93	14833.3
35.94	14454.9
35.95	13584.6
35.96	12903.4
35.97	13395.4
35.98	14757.6
35.99	15325.2
36	14833.3
36.01	14303.5
36.02	13849.4
36.03	13319.7
36.04	12941.3
36.05	14303.5
36.06	15363
36.07	14984.6
36.08	14644.1
36.09	14303.5
36.1	13395.4
36.11	12789.9
36.12	13811.6
36.13	14984.6
36.14	15060.3
36.15	14833.3
36.16	14492.7
36.17	13698.1
36.18	12941.3
36.19	13281.8
36.2	14681.9
36.21	15363
36.22	14909
36.23	14341.4
36.24	13963
36.25	13319.7
36.26	12865.6
36.27	14190
36.28	15249.5
36.29	14984.6
36.3	14681.9
36.31	14417
36.32	13433.2
36.33	12789.9
36.34	13698.1
36.35	14946.8
36.36	15098.2
36.37	14757.6
36.38	14454.9
36.39	13811.6
36.4	13054.8
36.41	13168.3
36.42	14606.2
36.43	15363
36.44	14909
36.45	14454.9
36.46	14000.8
36.47	13319.7
36.48	12865.6
36.49	14076.5
36.5	15136
36.51	14984.6
36.52	14757.6
36.53	14454.9
36.54	13546.7
36.55	12827.8
36.56	13584.6
36.57	14909
36.58	15211.7
36.59	14757.6
36.6	14379.2
36.61	13849.4
36.62	13168.3
36.63	13054.8
36.64	14492.7
36.65	15363
36.66	14984.6
36.67	14492.7
36.68	14114.3
36.69	13319.7
36.7	12865.6
36.71	13963
36.72	15098.2
36.73	14984.6
36.74	14757.6
36.75	14492.7
36.76	13546.7
36.77	12865.6
36.78	13471
36.79	14795.4
36.8	15287.4
36.81	14833.3
36.82	14303.5
36.83	13849.4
36.84	13281.8
36.85	12941.3
36.86	14379.2
36.87	15363
36.88	14984.6
36.89	14606.2
36.9	14227.8
36.91	13357.5
36.92	12789.9
36.93	13849.4
36.94	14984.6
36.95	15022.5
36.96	14833.3
36.97	14530.6
36.98	13622.4
36.99	12941.3
37	13357.5
37.01	14681.9
37.02	15363
37.03	14871.1
37.04	14303.5
37.05	13925.1
37.06	13319.7
37.07	12903.4
37.08	14265.7
37.09	15287.4
37.1	14984.6
37.11	14681.9
37.12	14341.4
37.13	13395.4
37.14	12789.9
37.15	13735.9
37.16	14984.6
37.17	15060.3
37.18	14833.3
37.19	14454.9
37.2	13735.9
37.21	13017
37.22	13244
37.23	14644.1
37.24	15363
37.25	14909
37.26	14379.2
37.27	14000.8
37.28	13319.7
37.29	12865.6
37.3	14152.2
37.31	15173.8
37.32	14984.6
37.33	14757.6
37.34	14454.9
37.35	13508.9
37.36	12789.9
37.37	13622.4
37.38	14909
37.39	15173.8
37.4	14757.6
37.41	14379.2
37.42	13849.4
37.43	13130.5
37.44	13130.5
37.45	14530.6
37.46	15363
37.47	14946.8
37.48	14454.9
37.49	14076.5
37.5	13319.7
37.51	12865.6
37.52	14038.6
37.53	15136
37.54	14984.6
37.55	14757.6
37.56	14492.7
37.57	13546.7
37.58	12865.6
37.59	13508.9
37.6	14871.1
37.61	15287.4
37.62	14757.6
37.63	14341.4
37.64	13849.4
37.65	13244
37.66	13017
37.67	14417
37.68	15363
37.69	14984.6
37.7	14530.6
37.71	14190
37.72	13319.7
37.73	12789.9
37.74	13925.1
37.75	15022.5
37.76	14984.6
37.77	14833.3
37.78	14454.9
37.79	13584.6
37.8	12903.4
37.81	13395.4
37.82	14757.6
37.83	15325.2
37.84	14833.3
37.85	14303.5
37.86	13849.4
37.87	13319.7
37.88	12941.3
37.89	14303.5
37.9	15363
37.91	14984.6
37.92	14644.1
37.93	14303.5
37.94	13395.4
37.95	12789.9
37.96	13811.6
37.97	14984.6
37.98	15060.3
37.99	14833.3
38	14492.7
38.01	13698.1
38.02	12941.3
38.03	13281.8
38.04	14681.9
38.05	15363
38.06	14909
38.07	14341.4
38.08	13963
38.09	13319.7
38.1	12865.6
38.11	14190
38.12	15249.5
38.13	14984.6
38.14	14681.9
38.15	14417
38.16	13433.2
38.17	12789.9
38.18	13698.1
38.19	14946.8
38.2	15098.2
38.21	14757.6
38.22	14454.9
38.23	13811.6
38.24	13054.8
38.25	13168.3
38.26	14606.2
38.27	15363
38.28	14909
38.29	14454.9
38.3	14000.8
38.31	13319.7
38.32	12865.6
38.33	14076.5
38.34	15136
38.35	14984.6
38.36	14757.6
38.37	14454.9
38.38	13546.7
38.39	12827.8
38.4	13584.6
38.41	14909
38.42	15211.7
38.43	14757.6
38.44	14379.2
38.45	13849.4
38.46	13168.3
38.47	13054.8
38.48	14492.7
38.49	15363
38.5	14984.6
38.51	14492.7
38.52	14114.3
38.53	13319.7
38.54	12865.6
38.55	13963
38.56	15098.2
38.57	14984.6
38.58	14757.6
38.59	14492.7
38.6	13546.7
38.61	12865.6
38.62	13471
38.63	14795.4
38.64	15287.4
38.65	14833.3
38.66	14303.5
38.67	13849.4
38.68	13281.8
38.69	12941.3
38.7	14379.2
38.71	15363
38.72	14984.6
38.73	14606.2
38.74	14227.8
38.75	13357.5
38.76	12789.9
38.77	13849.4
38.78	14984.6
38.79	15022.5
38.8	14833.3
38.81	14530.6
38.82	13622.4
38.83	12941.3
38.84	13357.5
38.85	14681.9
38.86	15363
38.87	14871.1
38.88	14303.5
38.89	13925.1
38.9	13319.7
38.91	12903.4
38.92	14265.7
38.93	15287.4
38.94	14984.6
38.95	14681.9
38.96	14341.4
38.97	13395.4
38.98	12789.9
38.99	13735.9
39	14984.6
39.01	15060.3
39.02	14833.3
39.03	14454.9
39.04	13735.9
39.05	13017
39.06	13244
39.07	14644.1
39.08	15363
39.09	14909
39.1	14379.2
39.11	14000.8
39.12	13319.7
39.13	12865.6
39.14	14152.2
39.15	15173.8
39.16	14984.6
39.17	14757.6
39.18	14454.9
39.19	13508.9
39.2	12789.9
39.21	13622.4
39.22	14909
39.23	15173.8
39.24	14757.6
39.25	14379.2
39.26	13849.4
39.27	13130.5
39.28	13130.5
39.29	14530.6
39.3	15363
39.31	14946.8
39.32	14454.9
39.33	14076.5
39.34	13319.7
39.35	12865.6
39.36	14038.6
39.37	15136
39.38	14984.6
39.39	14757.6
39.4	14492.7
39.41	13546.7
39.42	12865.6
39.43	13508.9
39.44	14871.1
39.45	15287.4
39.46	14757.6
39.47	14341.4
39.48	13849.4
39.49	13244
39.5	13017
39.51	14417
39.52	15363
39.53	14984.6
39.54	14530.6
39.55	14190
39.56	13319.7
39.57	12789.9
39.58	13925.1
39.59	15022.5
39.6	14984.6
39.61	14833.3
39.62	14454.9
39.63	13584.6
39.64	12903.4
39.65	13395.4
39.66	14757.6
39.67	15325.2
39.68	14833.3
39.69	14303.5
39.7	13849.4
39.71	13319.7
39.72	12941.3
39.73	14303.5
39.74	15363
39.75	14984.6
39.76	14644.1
39.77	14303.5
39.78	13395.4
39.79	12789.9
39.8	13811.6
39.81	14984.6
39.82	15060.3
39.83	14833.3
39.84	14492.7
39.85	13698.1
39.86	12941.3
39.87	13281.8
39.88	14681.9
39.89	15363
39.9	14909
39.91	14341.4
39.92	13963
39.93	13319.7
39.94	12865.6
39.95	14190
39.96	15249.5
39.97	14984.6
39.98	14681.9
39.99	14417
40	13433.2
40.01	12789.9
40.02	13698.1
40.03	14946.8
40.04	15098.2
40.05	14757.6
40.06	14454.9
40.07	13811.6
40.08	13054.8
40.09	13168.3
40.1	14606.2
40.11	15363
40.12	14909
40.13	14454.9
40.14	14000.8
40.15	13319.7
40.16	12865.6
40.17	14076.5
40.18	15136
40.19	14984.6
40.2	14757.6
40.21	14454.9
40.22	13546.7
40.23	12827.8
40.24	13584.6
40.25	14909
40.26	15211.7
40.27	14757.6
40.28	14379.2
40.29	13849.4
40.3	13168.3
40.31	13054.8
40.32	14492.7
40.33	15363
40.34	14984.6
40.35	14492.7
40.36	14114.3
40.37	13319.7
40.38	12865.6
40.39	13963
40.4	15098.2
40.41	14984.6
40.42	14757.6
40.43	14492.7
40.44	13546.7
40.45	12865.6
40.46	13471
40.47	14795.4
40.48	15287.4
40.49	14833.3
40.5	14303.5
40.51	13849.4
40.52	13281.8
40.53	12941.3
40.54	14379.2
40.55	15363
40.56	14984.6
40.57	14606.2
40.58	14227.8
40.59	13357.5
40.6	12789.9
40.61	13849.4
40.62	14984.6
40.63	15022.5
40.64	14833.3
40.65	14530.6
40.66	13622.4
40.67	12941.3
40.68	13357.5
40.69	14681.9
40.7	15363
40.71	14871.1
40.72	14303.5
40.73	13925.1
40.74	13319.7
40.75	12903.4
40.76	14265.7
40.77	15287.4
40.78	14984.6
40.79	14681.9
40.8	14341.4
40.81	13395.4
40.82	12789.9
40.83	13735.9
40.84	14984.6
40.85	15060.3
40.86	14833.3
40.87	14454.9
40.88	13735.9
40.89	13017
40.9	13244
40.91	14644.1
40.92	15363
40.93	14909
40.94	14379.2
40.95	14000.8
40.96	13319.7
40.97	12865.6
40.98	14152.2
40.99	15173.8
41	14984.6
41.01	14757.6
41.02	14454.9
41.03	13508.9
41.04	12789.9
41.05	13622.4
41.06	14909
41.07	15173.8
41.08	14757.6
41.09	14379.2
41.1	13849.4
41.11	13130.5
41.12	13130.5
41.13	14530.6
41.14	15363
41.15	14946.8
41.16	14454.9
41.17	14076.5
41.18	13319.7
41.19	12865.6
41.2	14038.6
41.21	15136
41.22	14984.6
41.23	14757.6
41.24	14492.7
41.25	13546.7
41.26	12865.6
41.27	13508.9
41.28	14871.1
41.29	15287.4
41.3	14757.6
41.31	14341.4
41.32	13849.4
41.33	13244
41.34	13017
41.35	14417
41.36	15363
41.37	14984.6
41.38	14530.6
41.39	14190
41.4	13319.7
41.41	12789.9
41.42	13925.1
41.43	15022.5
41.44	14984.6
41.45	14833.3
41.46	14454.9
41.47	13584.6
41.48	12903.4
41.49	13395.4
41.5	14757.6
41.51	15325.2
41.52	14833.3
41.53	14303.5
41.54	13849.4
41.55	13319.7
41.56	12941.3
41.57	14303.5
41.58	15363
41.59	14984.6
41.6	14644.1
41.61	14303.5
41.62	13395.4
41.63	12789.9
41.64	13811.6
41.65	14984.6
41.66	15060.3
41.67	14833.3
41.68	14492.7
41.69	13698.1
41.7	12941.3
41.71	13281.8
41.72	14681.9
41.73	15363
41.74	14909
41.75	14341.4
41.76	13963
41.77	13319.7
41.78	12865.6
41.79	14190
41.8	15249.5
41.81	14984.6
41.82	14681.9
41.83	14417
41.84	13433.2
41.85	12789.9
41.86	13698.1
41.87	14946.8
41.88	15098.2
41.89	14757.6
41.9	14454.9
41.91	13811.6
41.92	13054.8
41.93	13168.3
41.94	14606.2
41.95	15363
41.96	14909
41.97	14454.9
41.98	14000.8
41.99	13319.7
42	12865.6
42.01	14076.5
42.02	15136
42.03	14984.6
42.04	14757.6
42.05	14454.9
42.06	13546.7
42.07	12827.8
42.08	13584.6
42.09	14909
42.1	15211.7
42.11	14757.6
42.12	14379.2
42.13	13849.4
42.14	13168.3
42.15	13054.8
42.16	14492.7
42.17	15363
42.18	14984.6
42.19	14492.7
42.2	14114.3
42.21	13319.7
42.22	12865.6
42.23	13963
42.24	15098.2
42.25	14984.6
42.26	14757.6
42.27	14492.7
42.28	13546.7
42.29	12865.6
42.3	13471
42.31	14795.4
42.32	15287.4
42.33	14833.3
42.34	14303.5
42.35	13849.4
42.36	13281.8
42.37	12941.3
42.38	14379.2
42.39	15363
42.4	14984.6
42.41	14606.2
42.42	14227.8
42.43	13357.5
42.44	12789.9
42.45	13849.4
42.46	14984.6
42.47	15022.5
42.48	14833.3
42.49	14530.6
42.5	13622.4
42.51	12941.3
42.52	13357.5
42.53	14681.9
42.54	15363
42.55	14871.1
42.56	14303.5
42.57	13925.1
42.58	13319.7
42.59	12903.4
42.6	14265.7
42.61	15287.4
42.62	14984.6
42.63	14681.9
42.64	14341.4
42.65	13395.4
42.66	12789.9
42.67	13735.9
42.68	14984.6
42.69	15060.3
42.7	14833.3
42.71	14454.9
42.72	13735.9
42.73	13017
42.74	13244
42.75	14644.1
42.76	15363
42.77	14909
42.78	14379.2
42.79	14000.8
42.8	13319.7
42.81	12865.6
42.82	14152.2
42.83	15173.8
42.84	14984.6
42.85	14757.6
42.86	14454.9
42.87	13508.9
42.88	12789.9
42.89	13622.4
42.9	14909
42.91	15173.8
42.92	14757.6
42.93	14379.2
42.94	13849.4
42.95	13130.5
42.96	13130.5
42.97	14530.6
42.98	15363
42.99	14946.8
43	14454.9
43.01	14076.5
43.02	13319.7
43.03	12865.6
43.04	14038.6
43.05	15136
43.06	14984.6
43.07	14757.6
43.08	14492.7
43.09	13546.7
43.1	12865.6
43.11	13508.9
43.12	14871.1
43.13	15287.4
43.14	14757.6
43.15	14341.4
43.16	13849.4
43.17	13244
43.18	13017
43.19	14417
43.2	15363
43.21	14984.6
43.22	14530.6
43.23	14190
43.24	13319.7
43.25	12789.9
43.26	13925.1
43.27	15022.5
43.28	14984.6
43.29	14833.3
43.3	14454.9
43.31	13584.6
43.32	12903.4
43.33	13395.4
43.34	14757.6
43.35	15325.2
43.36	14833.3
43.37	14303.5
43.38	13849.4
43.39	13319.7
43.4	12941.3
43.41	14303.5
43.42	15363
43.43	14984.6
43.44	14644.1
43.45	14303.5
43.46	13395.4
43.47	12789.9
43.48	13811.6
43.49	14984.6
43.5	15060.3
43.51	14833.3
43.52	14492.7
43.53	13698.1
43.54	12941.3
43.55	13281.8
43.56	14681.9
43.57	15363
43.58	14909
43.59	14341.4
43.6	13963
43.61	13319.7
43.62	12865.6
43.63	14190
43.64	15249.5
43.65	14984.6
43.66	14681.9
43.67	14417
43.68	13433.2
43.69	12789.9
43.7	13698.1
43.71	14946.8
43.72	15098.2
43.73	14757.6
43.74	14454.9
43.75	13811.6
43.76	13054.8
43.77	13168.3
43.78	14606.2
43.79	15363
43.8	14909
43.81	14454.9
43.82	14000.8
43.83	13319.7
43.84	12865.6
43.85	14076.5
43.86	15136
43.87	14984.6
43.88	14757.6
43.89	14454.9
43.9	13546.7
43.91	12827.8
43.92	13584.6
43.93	14909
43.94	15211.7
43.95	14757.6
43.96	14379.2
43.97	13849.4
43.98	13168.3
43.99	13054.8
44	14492.7
44.01	15363
44.02	14984.6
44.03	14492.7
44.04	14114.3
44.05	13319.7
44.06	12865.6
44.07	13963
44.08	15098.2
44.09	14984.6
44.1	14757.6
44.11	14492.7
44.12	13546.7
44.13	12865.6
44.14	13471
44.15	14795.4
44.16	15287.4
44.17	14833.3
44.18	14303.5
44.19	13849.4
44.2	13281.8
44.21	12941.3
44.22	14379.2
44.23	15363
44.24	14984.6
44.25	14606.2
44.26	14227.8
44.27	13357.5
44.28	12789.9
44.29	13849.4
44.3	14984.6
44.31	15022.5
44.32	14833.3
44.33	14530.6
44.34	13622.4
44.35	12941.3
44.36	13357.5
44.37	14681.9
44.38	15363
44.39	14871.1
44.4	14303.5
44.41	13925.1
44.42	13319.7
44.43	12903.4
44.44	14265.7
44.45	15287.4
44.46	14984.6
44.47	14681.9
44.48	14341.4
44.49	13395.4
44.5	12789.9
44.51	13735.9
44.52	14984.6
44.53	15060.3
44.54	14833.3
44.55	14454.9
44.56	13735.9
44.57	13017
44.58	13244
44.59	14644.1
44.6	15363
44.61	14909
44.62	14379.2
44.63	14000.8
44.64	13319.7
44.65	12865.6
44.66	14152.2
44.67	15173.8
44.68	14984.6
44.69	14757.6
44.7	14454.9
44.71	13508.9
44.72	12789.9
44.73	13622.4
44.74	14909
44.75	15173.8
44.76	14757.6
44.77	14379.2
44.78	13849.4
44.79	13130.5
44.8	13130.5
44.81	14530.6
44.82	15363
44.83	14946.8
44.84	14454.9
44.85	14076.5
44.86	13319.7
44.87	12865.6
44.88	14038.6
44.89	15136
44.9	14984.6
44.91	14757.6
44.92	14492.7
44.93	13546.7
44.94	12865.6
44.95	13508.9
44.96	14871.1
44.97	15287.4
44.98	14757.6
44.99	14341.4
45	13849.4
45.01	13244
45.02	13017
45.03	14417
45.04	15363
45.05	14984.6
45.06	14530.6
45.07	14190
45.08	13319.7
45.09	12789.9
45.1	13925.1
45.11	15022.5
45.12	14984.6
45.13	14833.3
45.14	14454.9
45.15	13584.6
45.16	12903.4
45.17	13395.4
45.18	14757.6
45.19	15325.2
45.2	14833.3
45.21	14303.5
45.22	13849.4
45.23	13319.7
45.24	12941.3
45.25	14303.5
45.26	15363
45.27	14984.6
45.28	14644.1
45.29	14303.5
45.3	13395.4
45.31	12789.9
45.32	13811.6
45.33	14984.6
45.34	15060.3
45.35	14833.3
45.36	14492.7
45.37	13698.1
45.38	12941.3
45.39	13281.8
45.4	14681.9
45.41	15363
45.42	14909
45.43	14341.4
45.44	13963
45.45	13319.7
45.46	12865.6
45.47	14190
45.48	15249.5
45.49	14984.6
45.5	14681.9
45.51	14417
45.52	13433.2
45.53	12789.9
45.54	13698.1
45.55	14946.8
45.56	15098.2
45.57	14757.6
45.58	14454.9
45.59	13811.6
45.6	13054.8
45.61	13168.3
45.62	14606.2
45.63	15363
45.64	14909
45.65	14454.9
45.66	14000.8
45.67	13319.7
45.68	12865.6
45.69	14076.5
45.7	15136
45.71	14984.6
45.72	14757.6
45.73	14454.9
45.74	13546.7
45.75	12827.8
45.76	13584.6
45.77	14909
45.78	15211.7
45.79	14757.6
45.8	14379.2
45.81	13849.4
45.82	13168.3
45.83	13054.8
45.84	14492.7
45.85	15363
45.86	14984.6
45.87	14492.7
45.88	14114.3
45.89	13319.7
45.9	12865.6
45.91	13963
45.92	15098.2
45.93	14984.6
45.94	14757.6
45.95	14492.7
45.96	13546.7
45.97	12865.6
45.98	13471
45.99	14795.4
46	15287.4
46.01	14833.3
46.02	14303.5
46.03	13849.4
46.04	13281.8
46.05	12941.3
46.06	14379.2
46.07	15363
46.08	14984.6
46.09	14606.2
46.1	14227.8
46.11	13357.5
46.12	12789.9
46.13	13849.4
46.14	14984.6
46.15	15022.5
46.16	14833.3
46.17	14530.6
46.18	13622.4
46.19	12941.3
46.2	13357.5
46.21	14681.9
46.22	15363
46.23	14871.1
46.24	14303.5
46.25	13925.1
46.26	13319.7
46.27	12941.3
46.28	14265.7
46.29	15325.2
46.3	14984.6
46.31	14681.9
46.32	14341.4
46.33	13433.2
46.34	12789.9
46.35	13773.8
46.36	14984.6
46.37	15060.3
46.38	14833.3
46.39	14492.7
46.4	13735.9
46.41	13017
46.42	13244
46.43	14681.9
46.44	15363
46.45	14909
46.46	14379.2
46.47	14000.8
46.48	13319.7
46.49	12865.6
46.5	14152.2
46.51	15211.7
46.52	14984.6
46.53	14719.8
46.54	14454.9
46.55	13471
46.56	12789.9
46.57	13660.2
46.58	14909
46.59	15136
46.6	14757.6
46.61	14417
46.62	13849.4
46.63	13092.6
46.64	13130.5
46.65	14568.4
46.66	15363
46.67	14909
46.68	14454.9
46.69	14038.6
46.7	13319.7
46.71	12865.6
46.72	14038.6
46.73	15136
46.74	14984.6
46.75	14757.6
46.76	14492.7
46.77	13546.7
46.78	12865.6
46.79	13546.7
46.8	14871.1
46.81	15249.5
46.82	14757.6
46.83	14379.2
46.84	13849.4
46.85	13206.2
46.86	13017
46.87	14454.9
46.88	15363
46.89	14984.6
46.9	14530.6
46.91	14152.2
46.92	13319.7
46.93	12827.8
46.94	13925.1
46.95	15060.3
46.96	14984.6
46.97	14795.4
46.98	14454.9
46.99	13546.7
47	12903.4
47.01	13433.2
47.02	14757.6
47.03	15287.4
47.04	14833.3
47.05	14303.5
47.06	13849.4
47.07	13319.7
47.08	12941.3
47.09	14341.4
47.1	15363
47.11	14984.6
47.12	14644.1
47.13	14265.7
47.14	13395.4
47.15	12789.9
47.16	13811.6
47.17	14984.6
47.18	15060.3
47.19	14833.3
47.2	14492.7
47.21	13660.2
47.22	12941.3
47.23	13319.7
47.24	14681.9
47.25	15363
47.26	14909
47.27	14303.5
47.28	13963
47.29	13319.7
47.3	12865.6
47.31	14227.8
47.32	15249.5
47.33	14984.6
47.34	14681.9
47.35	14379.2
47.36	13433.2
47.37	12789.9
47.38	13698.1
47.39	14984.6
47.4	15098.2
47.41	14795.4
47.42	14454.9
47.43	13773.8
47.44	13054.8
47.45	13206.2
47.46	14606.2
47.47	15363
47.48	14909
47.49	14417
47.5	14000.8
47.51	13319.7
47.52	12865.6
47.53	14114.3
47.54	15136
47.55	14984.6
47.56	14757.6
47.57	14454.9
47.58	13546.7
47.59	12789.9
47.6	13584.6
47.61	14909
47.62	15211.7
47.63	14757.6
47.64	14379.2
47.65	13849.4
47.66	13168.3
47.67	13092.6
47.68	14492.7
47.69	15363
47.7	14984.6
47.71	14454.9
47.72	14114.3
47.73	13319.7
47.74	12865.6
47.75	14000.8
47.76	15098.2
47.77	14984.6
47.78	14757.6
47.79	14530.6
47.8	13546.7
47.81	12865.6
47.82	13471
47.83	14833.3
47.84	15287.4
47.85	14795.4
47.86	14303.5
47.87	13849.4
47.88	13281.8
47.89	12979.1
47.9	14379.2
47.91	15363
47.92	14984.6
47.93	14568.4
47.94	14227.8
47.95	13319.7
47.96	12789.9
47.97	13887.3
47.98	14984.6
47.99	14984.6
48	14833.3
48.01	14492.7
48.02	13622.4
48.03	12941.3
48.04	13357.5
48.05	14719.8
48.06	15363
48.07	14833.3
48.08	14303.5
48.09	13887.3
48.1	13319.7
48.11	12941.3
48.12	14265.7
48.13	15325.2
48.14	14984.6
48.15	14681.9
48.16	14341.4
48.17	13395.4
48.18	12789.9
48.19	13773.8
48.2	14984.6
48.21	15060.3
48.22	14833.3
48.23	14454.9
48.24	13735.9
48.25	12979.1
48.26	13244
48.27	14681.9
48.28	15363
48.29	14909
48.3	14379.2
48.31	14000.8
48.32	13319.7
48.33	12865.6
48.34	14152.2
48.35	15211.7
48.36	14984.6
48.37	14719.8
48.38	14454.9
48.39	13471
48.4	12789.9
48.41	13660.2
48.42	14909
48.43	15136
48.44	14757.6
48.45	14417
48.46	13849.4
48.47	13092.6
48.48	13130.5
48.49	14568.4
48.5	15363
48.51	14909
48.52	14454.9
48.53	14038.6
48.54	13319.7
48.55	12865.6
48.56	14038.6
48.57	15136
48.58	14984.6
48.59	14757.6
48.6	14492.7
48.61	13546.7
48.62	12865.6
48.63	13546.7
48.64	14871.1
48.65	15249.5
48.66	14757.6
48.67	14379.2
48.68	13849.4
48.69	13206.2
48.7	13017
48.71	14454.9
48.72	15363
48.73	14984.6
48.74	14530.6
48.75	14152.2
48.76	13319.7
48.77	12827.8
48.78	13925.1
48.79	15060.3
48.8	14984.6
48.81	14795.4
48.82	14454.9
48.83	13546.7
48.84	12903.4
48.85	13433.2
48.86	14757.6
48.87	15287.4
48.88	14833.3
48.89	14303.5
48.9	13849.4
48.91	13319.7
48.92	12941.3
48.93	14341.4
48.94	15363
48.95	14984.6
48.96	14644.1
48.97	14265.7
48.98	13395.4
48.99	12789.9
49	13811.6
49.01	14984.6
49.02	15060.3
49.03	14833.3
49.04	14492.7
49.05	13660.2
49.06	12941.3
49.07	13319.7
49.08	14681.9
49.09	15363
49.1	14909
49.11	14303.5
49.12	13963
49.13	13319.7
49.14	12865.6
49.15	14227.8
49.16	15249.5
49.17	14984.6
49.18	14681.9
49.19	14379.2
49.2	13433.2
49.21	12789.9
49.22	13698.1
49.23	14984.6
49.24	15098.2
49.25	14795.4
49.26	14454.9
49.27	13773.8
49.28	13054.8
49.29	13206.2
49.3	14606.2
49.31	15363
49.32	14909
49.33	14417
49.34	14000.8
49.35	13319.7
49.36	12865.6
49.37	14114.3
49.38	15136
49.39	14984.6
49.4	14757.6
49.41	14454.9
49.42	13546.7
49.43	12789.9
49.44	13584.6
49.45	14909
49.46	15211.7
49.47	14757.6
49.48	14379.2
49.49	13849.4
49.5	13168.3
49.51	13092.6
49.52	14492.7
49.53	15363
49.54	14984.6
49.55	14454.9
49.56	14114.3
49.57	13319.7
49.58	12865.6
49.59	14000.8
49.6	15098.2
49.61	14984.6
49.62	14757.6
49.63	14530.6
49.64	13546.7
49.65	12865.6
49.66	13471
49.67	14833.3
49.68	15287.4
49.69	14795.4
49.7	14303.5
49.71	13849.4
49.72	13281.8
49.73	12979.1
49.74	14379.2
49.75	15363
49.76	14984.6
49.77	14568.4
49.78	14227.8
49.79	13319.7
49.8	12789.9
49.81	13887.3
49.82	14984.6
49.83	14984.6
49.84	14833.3
49.85	14492.7
49.86	13622.4
49.87	12941.3
49.88	13357.5
49.89	14719.8
49.9	15363
49.91	14833.3
49.92	14303.5
49.93	13887.3
49.94	13319.7
49.95	12941.3
49.96	14265.7
49.97	15325.2
49.98	14984.6
49.99	14681.9
50	14341.4
50.01	13395.4
50.02	12789.9
50.03	13773.8
50.04	14984.6
50.05	15060.3
50.06	14833.3
50.07	14454.9
50.08	13735.9
50.09	12979.1
50.1	13244
50.11	14681.9
50.12	15363
50.13	14909
50.14	14379.2
50.15	14000.8
50.16	13319.7
50.17	12865.6
50.18	14152.2
50.19	15211.7
50.2	14984.6
50.21	14719.8
50.22	14454.9
50.23	13471
50.24	12789.9
50.25	13660.2
50.26	14909
50.27	15136
50.28	14757.6
50.29	14417
50.3	13849.4
50.31	13092.6
50.32	13130.5
50.33	14568.4
50.34	15363
50.35	14909
50.36	14454.9
50.37	14038.6
50.38	13319.7
50.39	12865.6
50.4	14038.6
50.41	15136
50.42	14984.6
50.43	14757.6
50.44	14492.7
50.45	13546.7
50.46	12865.6
50.47	13546.7
50.48	14871.1
50.49	15249.5
50.5	14757.6
50.51	14379.2
50.52	13849.4
50.53	13206.2
50.54	13017
50.55	14454.9
50.56	15363
50.57	14984.6
50.58	14530.6
50.59	14152.2
50.6	13319.7
50.61	12827.8
50.62	13925.1
50.63	15060.3
50.64	14984.6
50.65	14795.4
50.66	14454.9
50.67	13546.7
50.68	12903.4
50.69	13433.2
50.7	14757.6
50.71	15287.4
50.72	14833.3
50.73	14303.5
50.74	13849.4
50.75	13319.7
50.76	12941.3
50.77	14341.4
50.78	15363
50.79	14984.6
50.8	14644.1
50.81	14265.7
50.82	13395.4
50.83	12789.9
50.84	13811.6
50.85	14984.6
50.86	15060.3
50.87	14833.3
50.88	14492.7
50.89	13660.2
50.9	12941.3
50.91	13319.7
50.92	14681.9
50.93	15363
50.94	14909
50.95	14303.5
50.96	13963
50.97	13319.7
50.98	12865.6
50.99	14227.8
51	15249.5
51.01	14984.6
51.02	14681.9
51.03	14379.2
51.04	13433.2
51.05	12789.9
51.06	13698.1
51.07	14984.6
51.08	15098.2
51.09	14795.4
51.1	14454.9
51.11	13773.8
51.12	13054.8
51.13	13206.2
51.14	14606.2
51.15	15363
51.16	14909
51.17	14417
51.18	14000.8
51.19	13319.7
51.2	12865.6
51.21	14114.3
51.22	15136
51.23	14984.6
51.24	14757.6
51.25	14454.9
51.26	13546.7
51.27	12789.9
51.28	13584.6
51.29	14909
51.3	15211.7
51.31	14757.6
51.32	14379.2
51.33	13849.4
51.34	13168.3
51.35	13092.6
51.36	14492.7
51.37	15363
51.38	14984.6
51.39	14454.9
51.4	14114.3
51.41	13319.7
51.42	12865.6
51.43	14000.8
51.44	15098.2
51.45	14984.6
51.46	14757.6
51.47	14530.6
51.48	13546.7
51.49	12865.6
51.5	13471
51.51	14833.3
51.52	15287.4
51.53	14795.4
51.54	14303.5
51.55	13849.4
51.56	13281.8
51.57	12979.1
51.58	14379.2
51.59	15363
51.6	14984.6
51.61	14568.4
51.62	14227.8
51.63	13319.7
51.64	12789.9
51.65	13887.3
51.66	14984.6
51.67	14984.6
51.68	14833.3
51.69	14492.7
51.7	13622.4
51.71	12941.3
51.72	13357.5
51.73	14719.8
51.74	15363
51.75	14833.3
51.76	14303.5
51.77	13887.3
51.78	13319.7
51.79	12941.3
51.8	14265.7
51.81	15325.2
51.82	14984.6
51.83	14681.9
51.84	14341.4
51.85	13395.4
51.86	12789.9
51.87	13773.8
51.88	14984.6
51.89	15060.3
51.9	14833.3
51.91	14454.9
51.92	13735.9
51.93	12979.1
51.94	13244
51.95	14681.9
51.96	15363
51.97	14909
51.98	14379.2
51.99	14000.8
52	13319.7
52.01	12865.6
52.02	14152.2
52.03	15211.7
52.04	14984.6
52.05	14719.8
52.06	14454.9
52.07	13471
52.08	12789.9
52.09	13660.2
52.1	14909
52.11	15136
52.12	14757.6
52.13	14417
52.14	13849.4
52.15	13092.6
52.16	13130.5
52.17	14568.4
52.18	15363
52.19	14909
52.2	14454.9
52.21	14038.6
52.22	13319.7
52.23	12865.6
52.24	14038.6
52.25	15136
52.26	14984.6
52.27	14757.6
52.28	14492.7
52.29	13546.7
52.3	12865.6
52.31	13546.7
52.32	14871.1
52.33	15249.5
52.34	14757.6
52.35	14379.2
52.36	13849.4
52.37	13206.2
52.38	13017
52.39	14454.9
52.4	15363
52.41	14984.6
52.42	14530.6
52.43	14152.2
52.44	13319.7
52.45	12827.8
52.46	13925.1
52.47	15060.3
52.48	14984.6
52.49	14795.4
52.5	14454.9
52.51	13546.7
52.52	12903.4
52.53	13433.2
52.54	14757.6
52.55	15287.4
52.56	14833.3
52.57	14303.5
52.58	13849.4
52.59	13319.7
52.6	12941.3
52.61	14341.4
52.62	15363
52.63	14984.6
52.64	14644.1
52.65	14265.7
52.66	13395.4
52.67	12789.9
52.68	13811.6
52.69	14984.6
52.7	15060.3
52.71	14833.3
52.72	14492.7
52.73	13660.2
52.74	12941.3
52.75	13319.7
52.76	14681.9
52.77	15363
52.78	14909
52.79	14303.5
52.8	13963
52.81	13319.7
52.82	12865.6
52.83	14227.8
52.84	15249.5
52.85	14984.6
52.86	14681.9
52.87	14379.2
52.88	13433.2
52.89	12789.9
52.9	13698.1
52.91	14984.6
52.92	15098.2
52.93	14795.4
52.94	14454.9
52.95	13773.8
52.96	13054.8
52.97	13206.2
52.98	14606.2
52.99	15363
53	14909
53.01	14417
53.02	14000.8
53.03	13319.7
53.04	12865.6
53.05	14114.3
53.06	15136
53.07	14984.6
53.08	14757.6
53.09	14454.9
53.1	13546.7
53.11	12789.9
53.12	13584.6
53.13	14909
53.14	15211.7
53.15	14757.6
53.16	14379.2
53.17	13849.4
53.18	13168.3
53.19	13092.6
53.2	14492.7
53.21	15363
53.22	14984.6
53.23	14454.9
53.24	14114.3
53.25	13319.7
53.26	12865.6
53.27	14000.8
53.28	15098.2
53.29	14984.6
53.3	14757.6
53.31	14530.6
53.32	13546.7
53.33	12865.6
53.34	13471
53.35	14833.3
53.36	15287.4
53.37	14795.4
53.38	14303.5
53.39	13849.4
53.4	13281.8
53.41	12979.1
53.42	14379.2
53.43	15363
53.44	14984.6
53.45	14568.4
53.46	14227.8
53.47	13319.7
53.48	12789.9
53.49	13887.3
53.5	14984.6
53.51	14984.6
53.52	14833.3
53.53	14492.7
53.54	13622.4
53.55	12941.3
53.56	13357.5
53.57	14719.8
53.58	15363
53.59	14833.3
53.6	14303.5
53.61	13887.3
53.62	13319.7
53.63	12941.3
53.64	14265.7
53.65	15325.2
53.66	14984.6
53.67	14681.9
53.68	14341.4
53.69	13395.4
53.7	12789.9
53.71	13773.8
53.72	14984.6
53.73	15060.3
53.74	14833.3
53.75	14454.9
53.76	13735.9
53.77	12979.1
53.78	13244
53.79	14681.9
53.8	15363
53.81	14909
53.82	14379.2
53.83	14000.8
53.84	13319.7
53.85	12865.6
53.86	14152.2
53.87	15211.7
53.88	14984.6
53.89	14719.8
53.9	14454.9
53.91	13471
53.92	12789.9
53.93	13660.2
53.94	14909
53.95	15136
53.96	14757.6
53.97	14417
53.98	13849.4
53.99	13092.6
54	13130.5
54.01	14568.4
54.02	15363
54.03	14909
54.04	14454.9
54.05	14038.6
54.06	13319.7
54.07	12865.6
54.08	14038.6
54.09	15136
54.1	14984.6
54.11	14757.6
54.12	14492.7
54.13	13546.7
54.14	12865.6
54.15	13546.7
54.16	14871.1
54.17	15249.5
54.18	14757.6
54.19	14379.2
54.2	13849.4
54.21	13206.2
54.22	13017
54.23	14454.9
54.24	15363
54.25	14984.6
54.26	14530.6
54.27	14152.2
54.28	13319.7
54.29	12827.8
54.3	13925.1
54.31	15060.3
54.32	14984.6
54.33	14795.4
54.34	14454.9
54.35	13546.7
54.36	12903.4
54.37	13433.2
54.38	14757.6
54.39	15287.4
54.4	14833.3
54.41	14303.5
54.42	13849.4
54.43	13319.7
54.44	12941.3
54.45	14341.4
54.46	15363
54.47	14984.6
54.48	14644.1
54.49	14265.7
54.5	13395.4
54.51	12789.9
54.52	13811.6
54.53	14984.6
54.54	15060.3
54.55	14833.3
54.56	14492.7
54.57	13660.2
54.58	12941.3
54.59	13319.7
54.6	14681.9
54.61	15363
54.62	14909
54.63	14303.5
54.64	13963
54.65	13319.7
54.66	12865.6
54.67	14227.8
54.68	15249.5
54.69	14984.6
54.7	14681.9
54.71	14379.2
54.72	13433.2
54.73	12789.9
54.74	13698.1
54.75	14984.6
54.76	15098.2
54.77	14795.4
54.78	14454.9
54.79	13773.8
54.8	13054.8
54.81	13206.2
54.82	14606.2
54.83	15363
54.84	14909
54.85	14417
54.86	14000.8
54.87	13319.7
54.88	12865.6
54.89	14114.3
54.9	15136
54.91	14984.6
54.92	14757.6
54.93	14454.9
54.94	13546.7
54.95	12789.9
54.96	13584.6
54.97	14909
54.98	15211.7
54.99	14757.6
55	14379.2
55.01	13849.4
55.02	13168.3
55.03	13092.6
55.04	14492.7
55.05	15363
55.06	14984.6
55.07	14454.9
55.08	14114.3
55.09	13319.7
55.1	12865.6
55.11	14000.8
55.12	15098.2
55.13	14984.6
55.14	14757.6
55.15	14530.6
55.16	13546.7
55.17	12865.6
55.18	13471
55.19	14833.3
55.2	15287.4
55.21	14795.4
55.22	14303.5
55.23	13849.4
55.24	13281.8
55.25	12979.1
55.26	14379.2
55.27	15363
55.28	14984.6
55.29	14568.4
55.3	14227.8
55.31	13319.7
55.32	12789.9
55.33	13887.3
55.34	14984.6
55.35	14984.6
55.36	14833.3
55.37	14492.7
55.38	13622.4
55.39	12941.3
55.4	13357.5
55.41	14719.8
55.42	15363
55.43	14833.3
55.44	14303.5
55.45	13887.3
55.46	13319.7
55.47	12941.3
55.48	14265.7
55.49	15325.2
55.5	14984.6
55.51	14681.9
55.52	14341.4
55.53	13395.4
55.54	12789.9
55.55	13773.8
55.56	14984.6
55.57	15060.3
55.58	14833.3
55.59	14454.9
55.6	13735.9
55.61	12979.1
55.62	13244
55.63	14681.9
55.64	15363
55.65	14909
55.66	14379.2
55.67	14000.8
55.68	13319.7
55.69	12865.6
55.7	14152.2
55.71	15211.7
55.72	14984.6
55.73	14719.8
55.74	14454.9
55.75	13471
55.76	12789.9
55.77	13660.2
55.78	14909
55.79	15136
55.8	14757.6
55.81	14417
55.82	13849.4
55.83	13092.6
55.84	13130.5
55.85	14568.4
55.86	15363
55.87	14909
55.88	14454.9
55.89	14038.6
55.9	13319.7
55.91	12865.6
55.92	14038.6
55.93	15136
55.94	14984.6
55.95	14757.6
55.96	14492.7
55.97	13546.7
55.98	12865.6
55.99	13546.7
56	14871.1
56.01	15249.5
56.02	14757.6
56.03	14379.2
56.04	13849.4
56.05	13206.2
56.06	13017
56.07	14454.9
56.08	15363
56.09	14984.6
56.1	14530.6
56.11	14152.2
56.12	13319.7
56.13	12827.8
56.14	13925.1
56.15	15060.3
56.16	14984.6
56.17	14795.4
56.18	14454.9
56.19	13546.7
56.2	12903.4
56.21	13433.2
56.22	14757.6
56.23	15287.4
56.24	14833.3
56.25	14303.5
56.26	13849.4
56.27	13319.7
56.28	12941.3
56.29	14341.4
56.3	15363
56.31	14984.6
56.32	14644.1
56.33	14265.7
56.34	13395.4
56.35	12789.9
56.36	13811.6
56.37	14984.6
56.38	15060.3
56.39	14833.3
56.4	14492.7
56.41	13660.2
56.42	12941.3
56.43	13319.7
56.44	14681.9
56.45	15363
56.46	14909
56.47	14303.5
56.48	13963
56.49	13319.7
56.5	12865.6
56.51	14227.8
56.52	15249.5
56.53	14984.6
56.54	14681.9
56.55	14379.2
56.56	13433.2
56.57	12789.9
56.58	13698.1
56.59	14984.6
56.6	15098.2
56.61	14795.4
56.62	14454.9
56.63	13773.8
56.64	13054.8
