0.01	0
0.02	0
0.03	0
0.04	0
0.05	37.84
0.06	37.84
0.07	37.84
0.08	113.52
0.09	113.52
0.1	113.52
0.11	227.04
0.12	227.04
0.13	227.04
0.14	340.56
0.15	340.56
0.16	340.56
0.17	491.92
0.18	567.6
0.19	567.6
0.2	567.6
0.21	908.16
0.22	908.16
0.23	908.16
0.24	1362.24
0.25	1324.4
0.26	1324.4
0.27	2005.52
0.28	1929.84
0.29	1929.84
0.3	2800.16
0.31	2838
0.32	2838
0.33	3708.32
0.34	4313.76
0.35	4313.76
0.36	5184.08
0.37	5978.72
0.38	6470.64
0.39	6811.2
0.4	8135.6
0.41	8816.72
0.42	9535.68
0.43	9649.2
0.44	9611.36
0.45	11011.4
0.46	12146.6
0.47	12449.4
0.48	13168.3
0.49	13735.9
0.5	12865.6
0.51	12865.6
0.52	14038.6
0.53	14341.4
0.54	14606.2
0.55	15552.2
0.56	15400.9
0.57	14530.6
0.58	13963
0.59	14417
0.6	14454.9
0.61	14530.6
0.62	14644.1
0.63	15249.5
0.64	15249.5
0.65	13849.4
0.66	13017
0.67	13433.2
0.68	13887.3
0.69	14303.5
0.7	15060.3
0.71	15514.4
0.72	14341.4
0.73	13244
0.74	13395.4
0.75	13622.4
0.76	13887.3
0.77	14833.3
0.78	15514.4
0.79	14871.1
0.8	13508.9
0.81	13092.6
0.82	13622.4
0.83	14038.6
0.84	14530.6
0.85	15136
0.86	15363
0.87	13963
0.88	13017
0.89	13395.4
0.9	13849.4
0.91	14190
0.92	15060.3
0.93	15590.1
0.94	14454.9
0.95	13357.5
0.96	13395.4
0.97	13546.7
0.98	13925.1
0.99	14795.4
1	15476.6
1.01	14984.6
1.02	13622.4
1.03	13054.8
1.04	13546.7
1.05	14076.5
1.06	14530.6
1.07	15060.3
1.08	15438.7
1.09	14076.5
1.1	13017
1.11	13395.4
1.12	13735.9
1.13	14076.5
1.14	14984.6
1.15	15590.1
1.16	14568.4
1.17	13395.4
1.18	13319.7
1.19	13546.7
1.2	13887.3
1.21	14681.9
1.22	15438.7
1.23	15098.2
1.24	13698.1
1.25	13017
1.26	13471
1.27	14038.6
1.28	14417
1.29	15060.3
1.3	15514.4
1.31	14190
1.32	13130.5
1.33	13395.4
1.34	13698.1
1.35	13963
1.36	14946.8
1.37	15590.1
1.38	14681.9
1.39	13433.2
1.4	13281.8
1.41	13622.4
1.42	13925.1
1.43	14568.4
1.44	15325.2
1.45	15211.7
1.46	13773.8
1.47	13017
1.48	13471
1.49	13925.1
1.5	14379.2
1.51	15060.3
1.52	15514.4
1.53	14303.5
1.54	13244
1.55	13395.4
1.56	13622.4
1.57	13925.1
1.58	14833.3
1.59	15552.2
1.6	14795.4
1.61	13471
1.62	13168.3
1.63	13622.4
1.64	14000.8
1.65	14530.6
1.66	15211.7
1.67	15325.2
1.68	13887.3
1.69	13017
1.7	13395.4
1.71	13887.3
1.72	14265.7
1.73	15060.3
1.74	15514.4
1.75	14417
1.76	13281.8
1.77	13395.4
1.78	13622.4
1.79	13887.3
1.8	14833.3
1.81	15514.4
1.82	14909
1.83	13584.6
1.84	13092.6
1.85	13546.7
1.86	14076.5
1.87	14530.6
1.88	15098.2
1.89	15438.7
1.9	14000.8
1.91	13017
1.92	13395.4
1.93	13773.8
1.94	14152.2
1.95	15022.5
1.96	15590.1
1.97	14530.6
1.98	13395.4
1.99	13357.5
2	13546.7
2.01	13849.4
2.02	14757.6
2.03	15438.7
2.04	15022.5
2.05	13698.1
2.06	13017
2.07	13508.9
2.08	14076.5
2.09	14454.9
2.1	15060.3
2.11	15476.6
2.12	14114.3
2.13	13092.6
2.14	13395.4
2.15	13698.1
2.16	14038.6
2.17	14984.6
2.18	15590.1
2.19	14644.1
2.2	13395.4
2.21	13319.7
2.22	13546.7
2.23	13925.1
2.24	14644.1
2.25	15363
2.26	15136
2.27	13735.9
2.28	13017
2.29	13471
2.3	14000.8
2.31	14379.2
2.32	15060.3
2.33	15514.4
2.34	14227.8
2.35	13206.2
2.36	13395.4
2.37	13622.4
2.38	13925.1
2.39	14871.1
2.4	15590.1
2.41	14757.6
2.42	13471
2.43	13206.2
2.44	13622.4
2.45	14000.8
2.46	14530.6
2.47	15249.5
2.48	15249.5
2.49	13849.4
2.5	13017
2.51	13433.2
2.52	13925.1
2.53	14303.5
2.54	15060.3
2.55	15514.4
2.56	14341.4
2.57	13244
2.58	13395.4
2.59	13622.4
2.6	13887.3
2.61	14833.3
2.62	15514.4
2.63	14871.1
2.64	13508.9
2.65	13092.6
2.66	13622.4
2.67	14038.6
2.68	14530.6
2.69	15136
2.7	15363
2.71	13963
2.72	13017
2.73	13395.4
2.74	13849.4
2.75	14190
2.76	15060.3
2.77	15590.1
2.78	14454.9
2.79	13357.5
2.8	13395.4
2.81	13546.7
2.82	13925.1
2.83	14795.4
2.84	15476.6
2.85	14984.6
2.86	13622.4
2.87	13054.8
2.88	13546.7
2.89	14076.5
2.9	14530.6
2.91	15060.3
2.92	15438.7
2.93	14076.5
2.94	13017
2.95	13395.4
2.96	13735.9
2.97	14076.5
2.98	14984.6
2.99	15590.1
3	14568.4
3.01	13395.4
3.02	13319.7
3.03	13546.7
3.04	13887.3
3.05	14681.9
3.06	15438.7
3.07	15098.2
3.08	13698.1
3.09	13017
3.1	13471
3.11	14038.6
3.12	14417
3.13	15060.3
3.14	15514.4
3.15	14190
3.16	13130.5
3.17	13395.4
3.18	13698.1
3.19	13963
3.2	14946.8
3.21	15590.1
3.22	14681.9
3.23	13433.2
3.24	13281.8
3.25	13622.4
3.26	13925.1
3.27	14568.4
3.28	15325.2
3.29	15211.7
3.3	13773.8
3.31	13017
3.32	13471
3.33	13925.1
3.34	14379.2
3.35	15060.3
3.36	15514.4
3.37	14303.5
3.38	13244
3.39	13395.4
3.4	13622.4
3.41	13925.1
3.42	14833.3
3.43	15552.2
3.44	14795.4
3.45	13471
3.46	13168.3
3.47	13622.4
3.48	14000.8
3.49	14530.6
3.5	15211.7
3.51	15325.2
3.52	13887.3
3.53	13017
3.54	13395.4
3.55	13887.3
3.56	14265.7
3.57	15060.3
3.58	15514.4
3.59	14417
3.6	13281.8
3.61	13395.4
3.62	13622.4
3.63	13887.3
3.64	14833.3
3.65	15514.4
3.66	14909
3.67	13584.6
3.68	13092.6
3.69	13546.7
3.7	14076.5
3.71	14530.6
3.72	15098.2
3.73	15438.7
3.74	14000.8
3.75	13017
3.76	13395.4
3.77	13773.8
3.78	14152.2
3.79	15022.5
3.8	15590.1
3.81	14530.6
3.82	13395.4
3.83	13357.5
3.84	13546.7
3.85	13849.4
3.86	14757.6
3.87	15438.7
3.88	15022.5
3.89	13698.1
3.9	13017
3.91	13508.9
3.92	14076.5
3.93	14454.9
3.94	15060.3
3.95	15476.6
3.96	14114.3
3.97	13092.6
3.98	13395.4
3.99	13698.1
4	14038.6
4.01	14984.6
4.02	15590.1
4.03	14644.1
4.04	13395.4
4.05	13319.7
4.06	13546.7
4.07	13925.1
4.08	14644.1
4.09	15363
4.1	15136
4.11	13735.9
4.12	13017
4.13	13471
4.14	14000.8
4.15	14379.2
4.16	15060.3
4.17	15514.4
4.18	14227.8
4.19	13206.2
4.2	13395.4
4.21	13622.4
4.22	13925.1
4.23	14871.1
4.24	15590.1
4.25	14757.6
4.26	13471
4.27	13206.2
4.28	13622.4
4.29	14000.8
4.3	14530.6
4.31	15249.5
4.32	15249.5
4.33	13849.4
4.34	13017
4.35	13433.2
4.36	13925.1
4.37	14303.5
4.38	15060.3
4.39	15514.4
4.4	14341.4
4.41	13244
4.42	13395.4
4.43	13622.4
4.44	13887.3
4.45	14833.3
4.46	15514.4
4.47	14871.1
4.48	13508.9
4.49	13092.6
4.5	13622.4
4.51	14038.6
4.52	14530.6
4.53	15136
4.54	15363
4.55	13963
4.56	13017
4.57	13395.4
4.58	13849.4
4.59	14190
4.6	15060.3
4.61	15590.1
4.62	14454.9
4.63	13357.5
4.64	13395.4
4.65	13546.7
4.66	13925.1
4.67	14795.4
4.68	15476.6
4.69	14984.6
4.7	13622.4
4.71	13054.8
4.72	13546.7
4.73	14076.5
4.74	14530.6
4.75	15060.3
4.76	15438.7
4.77	14076.5
4.78	13017
4.79	13395.4
4.8	13735.9
4.81	14076.5
4.82	14984.6
4.83	15590.1
4.84	14568.4
4.85	13395.4
4.86	13319.7
4.87	13546.7
4.88	13887.3
4.89	14681.9
4.9	15438.7
4.91	15098.2
4.92	13698.1
4.93	13017
4.94	13471
4.95	14038.6
4.96	14417
4.97	15060.3
4.98	15514.4
4.99	14190
5	13130.5
5.01	13395.4
5.02	13698.1
5.03	13963
5.04	14946.8
5.05	15590.1
5.06	14681.9
5.07	13433.2
5.08	13281.8
5.09	13622.4
5.1	13925.1
5.11	14568.4
5.12	15325.2
5.13	15211.7
5.14	13773.8
5.15	13017
5.16	13471
5.17	13925.1
5.18	14379.2
5.19	15060.3
5.2	15514.4
5.21	14303.5
5.22	13244
5.23	13395.4
5.24	13622.4
5.25	13925.1
5.26	14833.3
5.27	15552.2
5.28	14795.4
5.29	13471
5.3	13168.3
5.31	13622.4
5.32	14000.8
5.33	14530.6
5.34	15211.7
5.35	15325.2
5.36	13887.3
5.37	13017
5.38	13395.4
5.39	13887.3
5.4	14265.7
5.41	15060.3
5.42	15514.4
5.43	14417
5.44	13281.8
5.45	13395.4
5.46	13622.4
5.47	13887.3
5.48	14833.3
5.49	15514.4
5.5	14909
5.51	13584.6
5.52	13092.6
5.53	13546.7
5.54	14076.5
5.55	14530.6
5.56	15098.2
5.57	15438.7
5.58	14000.8
5.59	13017
5.6	13395.4
5.61	13773.8
5.62	14152.2
5.63	15022.5
5.64	15590.1
5.65	14530.6
5.66	13395.4
5.67	13357.5
5.68	13546.7
5.69	13849.4
5.7	14757.6
5.71	15438.7
5.72	15022.5
5.73	13698.1
5.74	13017
5.75	13508.9
5.76	14076.5
5.77	14454.9
5.78	15060.3
5.79	15476.6
5.8	14114.3
5.81	13092.6
5.82	13395.4
5.83	13698.1
5.84	14038.6
5.85	14984.6
5.86	15590.1
5.87	14644.1
5.88	13395.4
5.89	13319.7
5.9	13546.7
5.91	13925.1
5.92	14644.1
5.93	15363
5.94	15136
5.95	13735.9
5.96	13017
5.97	13471
5.98	14000.8
5.99	14379.2
6	15060.3
6.01	15514.4
6.02	14227.8
6.03	13206.2
6.04	13395.4
6.05	13622.4
6.06	13925.1
6.07	14871.1
6.08	15590.1
6.09	14757.6
6.1	13471
6.11	13206.2
6.12	13622.4
6.13	14000.8
6.14	14530.6
6.15	15249.5
6.16	15249.5
6.17	13849.4
6.18	13017
6.19	13433.2
6.2	13925.1
6.21	14303.5
6.22	15060.3
6.23	15514.4
6.24	14341.4
6.25	13244
6.26	13395.4
6.27	13622.4
6.28	13887.3
6.29	14833.3
6.3	15514.4
6.31	14871.1
6.32	13508.9
6.33	13092.6
6.34	13622.4
6.35	14038.6
6.36	14530.6
6.37	15136
6.38	15363
6.39	13963
6.4	13017
6.41	13395.4
6.42	13849.4
6.43	14190
6.44	15060.3
6.45	15590.1
6.46	14454.9
6.47	13357.5
6.48	13395.4
6.49	13546.7
6.5	13925.1
6.51	14795.4
6.52	15476.6
6.53	14984.6
6.54	13622.4
6.55	13054.8
6.56	13546.7
6.57	14076.5
6.58	14530.6
6.59	15060.3
6.6	15438.7
6.61	14076.5
6.62	13017
6.63	13395.4
6.64	13735.9
6.65	14076.5
6.66	14984.6
6.67	15590.1
6.68	14568.4
6.69	13395.4
6.7	13319.7
6.71	13546.7
6.72	13887.3
6.73	14681.9
6.74	15438.7
6.75	15098.2
6.76	13698.1
6.77	13017
6.78	13471
6.79	14038.6
6.8	14417
6.81	15060.3
6.82	15514.4
6.83	14190
6.84	13130.5
6.85	13395.4
6.86	13698.1
6.87	13963
6.88	14946.8
6.89	15590.1
6.9	14681.9
6.91	13433.2
6.92	13281.8
6.93	13622.4
6.94	13925.1
6.95	14568.4
6.96	15325.2
6.97	15211.7
6.98	13773.8
6.99	13017
7	13471
7.01	13925.1
7.02	14379.2
7.03	15060.3
7.04	15514.4
7.05	14303.5
7.06	13244
7.07	13395.4
7.08	13622.4
7.09	13925.1
7.1	14833.3
7.11	15552.2
7.12	14795.4
7.13	13471
7.14	13168.3
7.15	13622.4
7.16	14000.8
7.17	14530.6
7.18	15211.7
7.19	15325.2
7.2	13887.3
7.21	13017
7.22	13395.4
7.23	13887.3
7.24	14265.7
7.25	15060.3
7.26	15514.4
7.27	14417
7.28	13281.8
7.29	13395.4
7.3	13622.4
7.31	13887.3
7.32	14833.3
7.33	15514.4
7.34	14909
7.35	13584.6
7.36	13092.6
7.37	13546.7
7.38	14076.5
7.39	14530.6
7.4	15098.2
7.41	15438.7
7.42	14000.8
7.43	13017
7.44	13395.4
7.45	13773.8
7.46	14152.2
7.47	15022.5
7.48	15590.1
7.49	14530.6
7.5	13395.4
7.51	13357.5
7.52	13546.7
7.53	13849.4
7.54	14757.6
7.55	15438.7
7.56	15022.5
7.57	13698.1
7.58	13017
7.59	13508.9
7.6	14076.5
7.61	14454.9
7.62	15060.3
7.63	15476.6
7.64	14114.3
7.65	13092.6
7.66	13395.4
7.67	13698.1
7.68	14038.6
7.69	14984.6
7.7	15590.1
7.71	14644.1
7.72	13395.4
7.73	13319.7
7.74	13546.7
7.75	13925.1
7.76	14644.1
7.77	15363
7.78	15136
7.79	13735.9
7.8	13017
7.81	13471
7.82	14000.8
7.83	14379.2
7.84	15060.3
7.85	15514.4
7.86	14227.8
7.87	13206.2
7.88	13395.4
7.89	13622.4
7.9	13925.1
7.91	14871.1
7.92	15590.1
7.93	14757.6
7.94	13471
7.95	13206.2
7.96	13622.4
7.97	14000.8
7.98	14530.6
7.99	15249.5
8	15249.5
8.01	13849.4
8.02	13017
8.03	13433.2
8.04	13925.1
8.05	14303.5
8.06	15060.3
8.07	15514.4
8.08	14341.4
8.09	13244
8.1	13395.4
8.11	13622.4
8.12	13887.3
8.13	14833.3
8.14	15514.4
8.15	14871.1
8.16	13508.9
8.17	13092.6
8.18	13622.4
8.19	14038.6
8.2	14530.6
8.21	15136
8.22	15363
8.23	13963
8.24	13017
8.25	13395.4
8.26	13849.4
8.27	14190
8.28	15060.3
8.29	15590.1
8.3	14454.9
8.31	13357.5
8.32	13395.4
8.33	13546.7
8.34	13925.1
8.35	14795.4
8.36	15476.6
8.37	14984.6
8.38	13622.4
8.39	13054.8
8.4	13546.7
8.41	14076.5
8.42	14530.6
8.43	15060.3
8.44	15438.7
8.45	14076.5
8.46	13017
8.47	13395.4
8.48	13735.9
8.49	14076.5
8.5	14984.6
8.51	15590.1
8.52	14568.4
8.53	13395.4
8.54	13319.7
8.55	13546.7
8.56	13887.3
8.57	14681.9
8.58	15438.7
8.59	15098.2
8.6	13698.1
8.61	13017
8.62	13471
8.63	14038.6
8.64	14417
8.65	15060.3
8.66	15514.4
8.67	14190
8.68	13130.5
8.69	13395.4
8.7	13698.1
8.71	13963
8.72	14946.8
8.73	15590.1
8.74	14681.9
8.75	13433.2
8.76	13281.8
8.77	13622.4
8.78	13925.1
8.79	14568.4
8.8	15325.2
8.81	15211.7
8.82	13773.8
8.83	13017
8.84	13471
8.85	13925.1
8.86	14379.2
8.87	15060.3
8.88	15514.4
8.89	14303.5
8.9	13244
8.91	13395.4
8.92	13622.4
8.93	13925.1
8.94	14833.3
8.95	15552.2
8.96	14795.4
8.97	13471
8.98	13168.3
8.99	13622.4
9	14000.8
9.01	14530.6
9.02	15211.7
9.03	15325.2
9.04	13887.3
9.05	13017
9.06	13395.4
9.07	13887.3
9.08	14265.7
9.09	15060.3
9.1	15514.4
9.11	14417
9.12	13281.8
9.13	13395.4
9.14	13622.4
9.15	13887.3
9.16	14833.3
9.17	15514.4
9.18	14909
9.19	13584.6
9.2	13092.6
9.21	13546.7
9.22	14076.5
9.23	14530.6
9.24	15098.2
9.25	15438.7
9.26	14000.8
9.27	13017
9.28	13395.4
9.29	13773.8
9.3	14152.2
9.31	15022.5
9.32	15590.1
9.33	14530.6
9.34	13395.4
9.35	13357.5
9.36	13546.7
9.37	13849.4
9.38	14757.6
9.39	15438.7
9.4	15022.5
9.41	13698.1
9.42	13017
9.43	13508.9
9.44	14076.5
9.45	14454.9
9.46	15060.3
9.47	15476.6
9.48	14114.3
9.49	13092.6
9.5	13395.4
9.51	13698.1
9.52	14038.6
9.53	14984.6
9.54	15590.1
9.55	14644.1
9.56	13395.4
9.57	13319.7
9.58	13546.7
9.59	13925.1
9.6	14644.1
9.61	15363
9.62	15136
9.63	13735.9
9.64	13017
9.65	13471
9.66	14000.8
9.67	14379.2
9.68	15060.3
9.69	15514.4
9.7	14227.8
9.71	13206.2
9.72	13395.4
9.73	13622.4
9.74	13925.1
9.75	14871.1
9.76	15590.1
9.77	14757.6
9.78	13471
9.79	13206.2
9.8	13622.4
9.81	14000.8
9.82	14530.6
9.83	15249.5
9.84	15249.5
9.85	13849.4
9.86	13017
9.87	13433.2
9.88	13925.1
9.89	14303.5
9.9	15060.3
9.91	15514.4
9.92	14341.4
9.93	13244
9.94	13395.4
9.95	13622.4
9.96	13887.3
9.97	14833.3
9.98	15514.4
9.99	14871.1
10	13508.9
10.01	13092.6
10.02	13622.4
10.03	14038.6
10.04	14530.6
10.05	15136
10.06	15363
10.07	13963
10.08	13017
10.09	13395.4
10.1	13849.4
10.11	14190
10.12	15060.3
10.13	15590.1
10.14	14454.9
10.15	13357.5
10.16	13395.4
10.17	13546.7
10.18	13925.1
10.19	14795.4
10.2	15476.6
10.21	14984.6
10.22	13622.4
10.23	13054.8
10.24	13546.7
10.25	14076.5
10.26	14530.6
10.27	15060.3
10.28	15438.7
10.29	14076.5
10.3	13017
10.31	13395.4
10.32	13735.9
10.33	14076.5
10.34	14984.6
10.35	15590.1
10.36	14568.4
10.37	13395.4
10.38	13319.7
10.39	13546.7
10.4	13887.3
10.41	14681.9
10.42	15438.7
10.43	15098.2
10.44	13698.1
10.45	13017
10.46	13471
10.47	14038.6
10.48	14417
10.49	15060.3
10.5	15514.4
10.51	14190
10.52	13130.5
10.53	13395.4
10.54	13698.1
10.55	13963
10.56	14946.8
10.57	15590.1
10.58	14681.9
10.59	13433.2
10.6	13281.8
10.61	13622.4
10.62	13925.1
10.63	14568.4
10.64	15325.2
10.65	15211.7
10.66	13773.8
10.67	13017
10.68	13471
10.69	13925.1
10.7	14379.2
10.71	15060.3
10.72	15514.4
10.73	14303.5
10.74	13244
10.75	13395.4
10.76	13622.4
10.77	13925.1
10.78	14833.3
10.79	15552.2
10.8	14795.4
10.81	13471
10.82	13168.3
10.83	13622.4
10.84	14000.8
10.85	14530.6
10.86	15211.7
10.87	15325.2
10.88	13887.3
10.89	13017
10.9	13395.4
10.91	13887.3
10.92	14265.7
10.93	15060.3
10.94	15514.4
10.95	14417
10.96	13281.8
10.97	13395.4
10.98	13622.4
10.99	13887.3
11	14833.3
11.01	15514.4
11.02	14909
11.03	13584.6
11.04	13092.6
11.05	13546.7
11.06	14076.5
11.07	14530.6
11.08	15098.2
11.09	15438.7
11.1	14000.8
11.11	13017
11.12	13395.4
11.13	13773.8
11.14	14152.2
11.15	15022.5
11.16	15590.1
11.17	14530.6
11.18	13395.4
11.19	13357.5
11.2	13546.7
11.21	13849.4
11.22	14757.6
11.23	15438.7
11.24	15022.5
11.25	13698.1
11.26	13017
11.27	13508.9
11.28	14076.5
11.29	14454.9
11.3	15060.3
11.31	15476.6
11.32	14114.3
11.33	13092.6
11.34	13395.4
11.35	13698.1
11.36	14038.6
11.37	14984.6
11.38	15590.1
11.39	14644.1
11.4	13395.4
11.41	13319.7
11.42	13546.7
11.43	13925.1
11.44	14644.1
11.45	15363
11.46	15136
11.47	13735.9
11.48	13017
11.49	13471
11.5	14000.8
11.51	14379.2
11.52	15060.3
11.53	15514.4
11.54	14227.8
11.55	13206.2
11.56	13395.4
11.57	13622.4
11.58	13925.1
11.59	14871.1
11.6	15590.1
11.61	14757.6
11.62	13471
11.63	13206.2
11.64	13622.4
11.65	14000.8
11.66	14530.6
11.67	15249.5
11.68	15249.5
11.69	13849.4
11.7	13017
11.71	13433.2
11.72	13925.1
11.73	14303.5
11.74	15060.3
11.75	15514.4
11.76	14341.4
11.77	13244
11.78	13395.4
11.79	13622.4
11.8	13887.3
11.81	14833.3
11.82	15514.4
11.83	14871.1
11.84	13508.9
11.85	13092.6
11.86	13622.4
11.87	14038.6
11.88	14530.6
11.89	15136
11.9	15363
11.91	13963
11.92	13017
11.93	13395.4
11.94	13849.4
11.95	14190
11.96	15060.3
11.97	15590.1
11.98	14454.9
11.99	13357.5
12	13395.4
12.01	13546.7
12.02	13925.1
12.03	14795.4
12.04	15476.6
12.05	14984.6
12.06	13622.4
12.07	13054.8
12.08	13546.7
12.09	14076.5
12.1	14530.6
12.11	15060.3
12.12	15438.7
12.13	14076.5
12.14	13017
12.15	13395.4
12.16	13735.9
12.17	14076.5
12.18	14984.6
12.19	15590.1
12.2	14568.4
12.21	13395.4
12.22	13319.7
12.23	13546.7
12.24	13887.3
12.25	14681.9
12.26	15438.7
12.27	15098.2
12.28	13698.1
12.29	13017
12.3	13471
12.31	14038.6
12.32	14417
12.33	15060.3
12.34	15514.4
12.35	14190
12.36	13130.5
12.37	13395.4
12.38	13698.1
12.39	13963
12.4	14946.8
12.41	15590.1
12.42	14681.9
12.43	13433.2
12.44	13281.8
12.45	13622.4
12.46	13925.1
12.47	14568.4
12.48	15325.2
12.49	15211.7
12.5	13773.8
12.51	13017
12.52	13471
12.53	13925.1
12.54	14379.2
12.55	15060.3
12.56	15514.4
12.57	14303.5
12.58	13244
12.59	13395.4
12.6	13622.4
12.61	13925.1
12.62	14833.3
12.63	15552.2
12.64	14795.4
12.65	13471
12.66	13168.3
12.67	13622.4
12.68	14000.8
12.69	14530.6
12.7	15211.7
12.71	15325.2
12.72	13887.3
12.73	13017
12.74	13395.4
12.75	13887.3
12.76	14265.7
12.77	15060.3
12.78	15514.4
12.79	14417
12.8	13281.8
12.81	13395.4
12.82	13622.4
12.83	13887.3
12.84	14833.3
12.85	15514.4
12.86	14909
12.87	13584.6
12.88	13092.6
12.89	13546.7
12.9	14076.5
12.91	14530.6
12.92	15098.2
12.93	15438.7
12.94	14000.8
12.95	13017
12.96	13395.4
12.97	13773.8
12.98	14152.2
12.99	15022.5
13	15590.1
13.01	14530.6
13.02	13395.4
13.03	13357.5
13.04	13546.7
13.05	13849.4
13.06	14757.6
13.07	15438.7
13.08	15022.5
13.09	13698.1
13.1	13017
13.11	13508.9
13.12	14076.5
13.13	14454.9
13.14	15060.3
13.15	15476.6
13.16	14114.3
13.17	13092.6
13.18	13395.4
13.19	13698.1
13.2	14038.6
13.21	14984.6
13.22	15590.1
13.23	14644.1
13.24	13395.4
13.25	13319.7
13.26	13546.7
13.27	13925.1
13.28	14644.1
13.29	15363
13.3	15136
13.31	13735.9
13.32	13017
13.33	13471
13.34	14000.8
13.35	14379.2
13.36	15060.3
13.37	15514.4
13.38	14227.8
13.39	13206.2
13.4	13395.4
13.41	13622.4
13.42	13925.1
13.43	14871.1
13.44	15590.1
13.45	14757.6
13.46	13471
13.47	13206.2
13.48	13622.4
13.49	14000.8
13.5	14530.6
13.51	15249.5
13.52	15249.5
13.53	13849.4
13.54	13017
13.55	13433.2
13.56	13925.1
13.57	14303.5
13.58	15060.3
13.59	15514.4
13.6	14341.4
13.61	13244
13.62	13395.4
13.63	13622.4
13.64	13887.3
13.65	14833.3
13.66	15514.4
13.67	14871.1
13.68	13508.9
13.69	13092.6
13.7	13622.4
13.71	14038.6
13.72	14530.6
13.73	15136
13.74	15363
13.75	13963
13.76	13017
13.77	13395.4
13.78	13849.4
13.79	14190
13.8	15060.3
13.81	15590.1
13.82	14454.9
13.83	13357.5
13.84	13395.4
13.85	13546.7
13.86	13925.1
13.87	14795.4
13.88	15476.6
13.89	14984.6
13.9	13622.4
13.91	13054.8
13.92	13546.7
13.93	14076.5
13.94	14530.6
13.95	15060.3
13.96	15438.7
13.97	14076.5
13.98	13017
13.99	13395.4
14	13735.9
14.01	14076.5
14.02	14984.6
14.03	15590.1
14.04	14568.4
14.05	13395.4
14.06	13319.7
14.07	13546.7
14.08	13887.3
14.09	14681.9
14.1	15438.7
14.11	15098.2
14.12	13698.1
14.13	13017
14.14	13471
14.15	14038.6
14.16	14417
14.17	15060.3
14.18	15514.4
14.19	14190
14.2	13130.5
14.21	13395.4
14.22	13698.1
14.23	13963
14.24	14946.8
14.25	15590.1
14.26	14681.9
14.27	13433.2
14.28	13281.8
14.29	13622.4
14.3	13925.1
14.31	14568.4
14.32	15325.2
14.33	15211.7
14.34	13773.8
14.35	13017
14.36	13471
14.37	13925.1
14.38	14379.2
14.39	15060.3
14.4	15514.4
14.41	14303.5
14.42	13244
14.43	13395.4
14.44	13622.4
14.45	13925.1
14.46	14833.3
14.47	15552.2
14.48	14795.4
14.49	13471
14.5	13168.3
14.51	13622.4
14.52	14000.8
14.53	14530.6
14.54	15211.7
14.55	15325.2
14.56	13887.3
14.57	13017
14.58	13395.4
14.59	13887.3
14.6	14265.7
14.61	15060.3
14.62	15514.4
14.63	14417
14.64	13281.8
14.65	13395.4
14.66	13622.4
14.67	13887.3
14.68	14833.3
14.69	15514.4
14.7	14909
14.71	13584.6
14.72	13092.6
14.73	13546.7
14.74	14076.5
14.75	14530.6
14.76	15098.2
14.77	15438.7
14.78	14000.8
14.79	13017
14.8	13395.4
14.81	13773.8
14.82	14152.2
14.83	15022.5
14.84	15590.1
14.85	14530.6
14.86	13395.4
14.87	13357.5
14.88	13546.7
14.89	13849.4
14.9	14757.6
14.91	15438.7
14.92	15022.5
14.93	13698.1
14.94	13017
14.95	13508.9
14.96	14076.5
14.97	14454.9
14.98	15060.3
14.99	15476.6
15	14114.3
15.01	13092.6
15.02	13395.4
15.03	13698.1
15.04	14038.6
15.05	14984.6
15.06	15590.1
15.07	14644.1
15.08	13395.4
15.09	13319.7
15.1	13546.7
15.11	13925.1
15.12	14644.1
15.13	15363
15.14	15136
15.15	13735.9
15.16	13017
15.17	13471
15.18	14000.8
15.19	14379.2
15.2	15060.3
15.21	15514.4
15.22	14227.8
15.23	13206.2
15.24	13395.4
15.25	13622.4
15.26	13925.1
15.27	14871.1
15.28	15590.1
15.29	14757.6
15.3	13471
15.31	13206.2
15.32	13622.4
15.33	14000.8
15.34	14530.6
15.35	15249.5
15.36	15249.5
15.37	13849.4
15.38	13017
15.39	13433.2
15.4	13925.1
15.41	14303.5
15.42	15060.3
15.43	15514.4
15.44	14341.4
15.45	13244
15.46	13395.4
15.47	13622.4
15.48	13887.3
15.49	14833.3
15.5	15514.4
15.51	14871.1
15.52	13508.9
15.53	13092.6
15.54	13622.4
15.55	14038.6
15.56	14530.6
15.57	15136
15.58	15363
15.59	13963
15.6	13017
15.61	13395.4
15.62	13849.4
15.63	14190
15.64	15060.3
15.65	15590.1
15.66	14454.9
15.67	13357.5
15.68	13395.4
15.69	13546.7
15.7	13925.1
15.71	14795.4
15.72	15476.6
15.73	14984.6
15.74	13622.4
15.75	13054.8
15.76	13546.7
15.77	14076.5
15.78	14530.6
15.79	15060.3
15.8	15438.7
15.81	14076.5
15.82	13017
15.83	13395.4
15.84	13735.9
15.85	14076.5
15.86	14984.6
15.87	15590.1
15.88	14568.4
15.89	13395.4
15.9	13319.7
15.91	13546.7
15.92	13887.3
15.93	14681.9
15.94	15438.7
15.95	15098.2
15.96	13698.1
15.97	13017
15.98	13471
15.99	14038.6
16	14417
16.01	15060.3
16.02	15514.4
16.03	14190
16.04	13130.5
16.05	13395.4
16.06	13698.1
16.07	13963
16.08	14946.8
16.09	15590.1
16.1	14681.9
16.11	13433.2
16.12	13281.8
16.13	13622.4
16.14	13925.1
16.15	14568.4
16.16	15325.2
16.17	15211.7
16.18	13773.8
16.19	13017
16.2	13471
16.21	13925.1
16.22	14379.2
16.23	15060.3
16.24	15514.4
16.25	14303.5
16.26	13244
16.27	13395.4
16.28	13622.4
16.29	13925.1
16.3	14833.3
16.31	15552.2
16.32	14795.4
16.33	13471
16.34	13168.3
16.35	13622.4
16.36	14000.8
16.37	14530.6
16.38	15211.7
16.39	15325.2
16.4	13887.3
16.41	13017
16.42	13395.4
16.43	13887.3
16.44	14265.7
16.45	15060.3
16.46	15514.4
16.47	14417
16.48	13281.8
16.49	13395.4
16.5	13622.4
16.51	13887.3
16.52	14833.3
16.53	15514.4
16.54	14909
16.55	13584.6
16.56	13092.6
16.57	13546.7
16.58	14076.5
16.59	14530.6
16.6	15098.2
16.61	15438.7
16.62	14000.8
16.63	13017
16.64	13395.4
16.65	13773.8
16.66	14152.2
16.67	15022.5
16.68	15590.1
16.69	14530.6
16.7	13395.4
16.71	13357.5
16.72	13546.7
16.73	13849.4
16.74	14757.6
16.75	15438.7
16.76	15022.5
16.77	13698.1
16.78	13017
16.79	13508.9
16.8	14076.5
16.81	14454.9
16.82	15060.3
16.83	15476.6
16.84	14114.3
16.85	13092.6
16.86	13395.4
16.87	13698.1
16.88	14038.6
16.89	14984.6
16.9	15590.1
16.91	14644.1
16.92	13395.4
16.93	13319.7
16.94	13546.7
16.95	13925.1
16.96	14644.1
16.97	15363
16.98	15136
16.99	13735.9
17	13017
17.01	13471
17.02	14000.8
17.03	14379.2
17.04	15060.3
17.05	15514.4
17.06	14227.8
17.07	13206.2
17.08	13395.4
17.09	13622.4
17.1	13925.1
17.11	14871.1
17.12	15590.1
17.13	14757.6
17.14	13471
17.15	13206.2
17.16	13622.4
17.17	14000.8
17.18	14530.6
17.19	15249.5
17.2	15249.5
17.21	13849.4
17.22	13017
17.23	13433.2
17.24	13925.1
17.25	14303.5
17.26	15060.3
17.27	15514.4
17.28	14341.4
17.29	13244
17.3	13395.4
17.31	13622.4
17.32	13887.3
17.33	14833.3
17.34	15514.4
17.35	14871.1
17.36	13508.9
17.37	13092.6
17.38	13622.4
17.39	14038.6
17.4	14530.6
17.41	15136
17.42	15363
17.43	13963
17.44	13017
17.45	13395.4
17.46	13849.4
17.47	14190
17.48	15060.3
17.49	15590.1
17.5	14454.9
17.51	13357.5
17.52	13395.4
17.53	13546.7
17.54	13925.1
17.55	14795.4
17.56	15476.6
17.57	14984.6
17.58	13622.4
17.59	13054.8
17.6	13546.7
17.61	14076.5
17.62	14530.6
17.63	15060.3
17.64	15438.7
17.65	14076.5
17.66	13017
17.67	13395.4
17.68	13735.9
17.69	14076.5
17.7	14984.6
17.71	15590.1
17.72	14568.4
17.73	13395.4
17.74	13319.7
17.75	13546.7
17.76	13887.3
17.77	14681.9
17.78	15438.7
17.79	15098.2
17.8	13698.1
17.81	13017
17.82	13471
17.83	14038.6
17.84	14417
17.85	15060.3
17.86	15514.4
17.87	14190
17.88	13130.5
17.89	13395.4
17.9	13698.1
17.91	13963
17.92	14946.8
17.93	15590.1
17.94	14681.9
17.95	13433.2
17.96	13281.8
17.97	13622.4
17.98	13925.1
17.99	14568.4
18	15325.2
18.01	15211.7
18.02	13773.8
18.03	13017
18.04	13471
18.05	13925.1
18.06	14379.2
18.07	15060.3
18.08	15514.4
18.09	14303.5
18.1	13244
18.11	13395.4
18.12	13622.4
18.13	13925.1
18.14	14833.3
18.15	15552.2
18.16	14795.4
18.17	13471
18.18	13168.3
18.19	13622.4
18.2	14000.8
18.21	14530.6
18.22	15211.7
18.23	15325.2
18.24	13887.3
18.25	13017
18.26	13395.4
18.27	13887.3
18.28	14265.7
18.29	15060.3
18.3	15514.4
18.31	14417
18.32	13281.8
18.33	13395.4
18.34	13622.4
18.35	13887.3
18.36	14833.3
18.37	15514.4
18.38	14909
18.39	13584.6
18.4	13092.6
18.41	13546.7
18.42	14076.5
18.43	14530.6
18.44	15098.2
18.45	15438.7
18.46	14000.8
18.47	13017
18.48	13395.4
18.49	13773.8
18.5	14152.2
18.51	15022.5
18.52	15590.1
18.53	14530.6
18.54	13395.4
18.55	13357.5
18.56	13546.7
18.57	13849.4
18.58	14757.6
18.59	15438.7
18.6	15022.5
18.61	13698.1
18.62	13017
18.63	13508.9
18.64	14076.5
18.65	14454.9
18.66	15060.3
18.67	15476.6
18.68	14114.3
18.69	13092.6
18.7	13395.4
18.71	13698.1
18.72	14038.6
18.73	14984.6
18.74	15590.1
18.75	14644.1
18.76	13395.4
18.77	13319.7
18.78	13546.7
18.79	13925.1
18.8	14644.1
18.81	15363
18.82	15136
18.83	13735.9
18.84	13017
18.85	13471
18.86	14000.8
18.87	14379.2
18.88	15060.3
18.89	15514.4
18.9	14227.8
18.91	13206.2
18.92	13395.4
18.93	13622.4
18.94	13925.1
18.95	14871.1
18.96	15590.1
18.97	14757.6
18.98	13471
18.99	13206.2
19	13622.4
19.01	14000.8
19.02	14530.6
19.03	15249.5
19.04	15249.5
19.05	13849.4
19.06	13017
19.07	13433.2
19.08	13925.1
19.09	14303.5
19.1	15060.3
19.11	15514.4
19.12	14341.4
19.13	13244
19.14	13395.4
19.15	13622.4
19.16	13887.3
19.17	14833.3
19.18	15514.4
19.19	14871.1
19.2	13508.9
19.21	13092.6
19.22	13622.4
19.23	14038.6
19.24	14530.6
19.25	15136
19.26	15363
19.27	13963
19.28	13017
19.29	13395.4
19.3	13849.4
19.31	14190
19.32	15060.3
19.33	15590.1
19.34	14454.9
19.35	13357.5
19.36	13395.4
19.37	13546.7
19.38	13925.1
19.39	14795.4
19.4	15476.6
19.41	14984.6
19.42	13622.4
19.43	13054.8
19.44	13546.7
19.45	14076.5
19.46	14530.6
19.47	15060.3
19.48	15438.7
19.49	14076.5
19.5	13017
19.51	13395.4
19.52	13735.9
19.53	14076.5
19.54	14984.6
19.55	15590.1
19.56	14568.4
19.57	13395.4
19.58	13319.7
19.59	13546.7
19.6	13887.3
19.61	14681.9
19.62	15438.7
19.63	15098.2
19.64	13698.1
19.65	13017
19.66	13471
19.67	14038.6
19.68	14417
19.69	15060.3
19.7	15514.4
19.71	14190
19.72	13130.5
19.73	13395.4
19.74	13698.1
19.75	13963
19.76	14946.8
19.77	15590.1
19.78	14681.9
19.79	13433.2
19.8	13281.8
19.81	13622.4
19.82	13925.1
19.83	14568.4
19.84	15325.2
19.85	15211.7
19.86	13773.8
19.87	13017
19.88	13471
19.89	13925.1
19.9	14379.2
19.91	15060.3
19.92	15514.4
19.93	14303.5
19.94	13244
19.95	13395.4
19.96	13622.4
19.97	13925.1
19.98	14833.3
19.99	15552.2
20	14795.4
20.01	13471
20.02	13168.3
20.03	13622.4
20.04	14000.8
20.05	14530.6
20.06	15211.7
20.07	15325.2
20.08	13887.3
20.09	13017
20.1	13395.4
20.11	13887.3
20.12	14265.7
20.13	15060.3
20.14	15514.4
20.15	14417
20.16	13281.8
20.17	13395.4
20.18	13622.4
20.19	13887.3
20.2	14833.3
20.21	15514.4
20.22	14909
20.23	13584.6
20.24	13092.6
20.25	13546.7
20.26	14076.5
20.27	14530.6
20.28	15098.2
20.29	15438.7
20.3	14000.8
20.31	13017
20.32	13395.4
20.33	13773.8
20.34	14152.2
20.35	15022.5
20.36	15590.1
20.37	14530.6
20.38	13395.4
20.39	13357.5
20.4	13546.7
20.41	13849.4
20.42	14757.6
20.43	15438.7
20.44	15022.5
20.45	13698.1
20.46	13017
20.47	13508.9
20.48	14076.5
20.49	14454.9
20.5	15060.3
20.51	15476.6
20.52	14114.3
20.53	13092.6
20.54	13395.4
20.55	13698.1
20.56	14038.6
20.57	14984.6
20.58	15590.1
20.59	14644.1
20.6	13395.4
20.61	13319.7
20.62	13546.7
20.63	13925.1
20.64	14644.1
20.65	15363
20.66	15136
20.67	13735.9
20.68	13017
20.69	13471
20.7	14000.8
20.71	14379.2
20.72	15060.3
20.73	15514.4
20.74	14227.8
20.75	13206.2
20.76	13395.4
20.77	13622.4
20.78	13925.1
20.79	14871.1
20.8	15590.1
20.81	14757.6
20.82	13471
20.83	13206.2
20.84	13622.4
20.85	14000.8
20.86	14530.6
20.87	15249.5
20.88	15249.5
20.89	13849.4
20.9	13017
20.91	13433.2
20.92	13925.1
20.93	14303.5
20.94	15060.3
20.95	15514.4
20.96	14341.4
20.97	13244
20.98	13395.4
20.99	13622.4
21	13887.3
21.01	14833.3
21.02	15514.4
21.03	14871.1
21.04	13508.9
21.05	13092.6
21.06	13622.4
21.07	14038.6
21.08	14530.6
21.09	15136
21.1	15363
21.11	13963
21.12	13017
21.13	13395.4
21.14	13849.4
21.15	14190
21.16	15060.3
21.17	15590.1
21.18	14454.9
21.19	13357.5
21.2	13395.4
21.21	13546.7
21.22	13925.1
21.23	14795.4
21.24	15476.6
21.25	14984.6
21.26	13622.4
21.27	13054.8
21.28	13546.7
21.29	14076.5
21.3	14530.6
21.31	15060.3
21.32	15438.7
21.33	14076.5
21.34	13017
21.35	13395.4
21.36	13735.9
21.37	14076.5
21.38	14984.6
21.39	15590.1
21.4	14568.4
21.41	13395.4
21.42	13319.7
21.43	13546.7
21.44	13887.3
21.45	14681.9
21.46	15438.7
21.47	15098.2
21.48	13698.1
21.49	13017
21.5	13471
21.51	14038.6
21.52	14417
21.53	15060.3
21.54	15514.4
21.55	14190
21.56	13130.5
21.57	13395.4
21.58	13698.1
21.59	13963
21.6	14946.8
21.61	15590.1
21.62	14681.9
21.63	13433.2
21.64	13281.8
21.65	13622.4
21.66	13925.1
21.67	14568.4
21.68	15325.2
21.69	15211.7
21.7	13773.8
21.71	13017
21.72	13471
21.73	13925.1
21.74	14379.2
21.75	15060.3
21.76	15514.4
21.77	14303.5
21.78	13244
21.79	13395.4
21.8	13622.4
21.81	13925.1
21.82	14833.3
21.83	15552.2
21.84	14795.4
21.85	13471
21.86	13168.3
21.87	13622.4
21.88	14000.8
21.89	14530.6
21.9	15211.7
21.91	15325.2
21.92	13887.3
21.93	13017
21.94	13395.4
21.95	13887.3
21.96	14265.7
21.97	15060.3
21.98	15514.4
21.99	14417
22	13281.8
22.01	13395.4
22.02	13622.4
22.03	13887.3
22.04	14833.3
22.05	15514.4
22.06	14909
22.07	13584.6
22.08	13092.6
22.09	13546.7
22.1	14076.5
22.11	14530.6
22.12	15098.2
22.13	15438.7
22.14	14000.8
22.15	13017
22.16	13395.4
22.17	13773.8
22.18	14152.2
22.19	15022.5
22.2	15590.1
22.21	14530.6
22.22	13395.4
22.23	13357.5
22.24	13546.7
22.25	13849.4
22.26	14757.6
22.27	15438.7
22.28	15022.5
22.29	13698.1
22.3	13017
22.31	13508.9
22.32	14076.5
22.33	14454.9
22.34	15060.3
22.35	15476.6
22.36	14114.3
22.37	13092.6
22.38	13395.4
22.39	13698.1
22.4	14038.6
22.41	14984.6
22.42	15590.1
22.43	14644.1
22.44	13395.4
22.45	13319.7
22.46	13546.7
22.47	13925.1
22.48	14644.1
22.49	15363
22.5	15136
22.51	13735.9
22.52	13017
22.53	13471
22.54	14000.8
22.55	14379.2
22.56	15060.3
22.57	15514.4
22.58	14227.8
22.59	13206.2
22.6	13395.4
22.61	13622.4
22.62	13925.1
22.63	14871.1
22.64	15590.1
22.65	14757.6
22.66	13471
22.67	13206.2
22.68	13622.4
22.69	14000.8
22.7	14530.6
22.71	15249.5
22.72	15249.5
22.73	13849.4
22.74	13017
22.75	13433.2
22.76	13925.1
22.77	14303.5
22.78	15060.3
22.79	15514.4
22.8	14341.4
22.81	13244
22.82	13395.4
22.83	13622.4
22.84	13887.3
22.85	14833.3
22.86	15514.4
22.87	14871.1
22.88	13508.9
22.89	13092.6
22.9	13622.4
22.91	14038.6
22.92	14530.6
22.93	15136
22.94	15363
22.95	13963
22.96	13017
22.97	13395.4
22.98	13849.4
22.99	14190
23	15060.3
23.01	15590.1
23.02	14454.9
23.03	13357.5
23.04	13395.4
23.05	13546.7
23.06	13925.1
23.07	14795.4
23.08	15476.6
23.09	14984.6
23.1	13622.4
23.11	13054.8
23.12	13546.7
23.13	14076.5
23.14	14530.6
23.15	15060.3
23.16	15438.7
23.17	14076.5
23.18	13017
23.19	13395.4
23.2	13735.9
23.21	14076.5
23.22	14984.6
23.23	15590.1
23.24	14568.4
23.25	13395.4
23.26	13319.7
23.27	13546.7
23.28	13887.3
23.29	14681.9
23.3	15438.7
23.31	15098.2
23.32	13698.1
23.33	13017
23.34	13471
23.35	14038.6
23.36	14417
23.37	15060.3
23.38	15514.4
23.39	14190
23.4	13130.5
23.41	13395.4
23.42	13698.1
23.43	13963
23.44	14946.8
23.45	15590.1
23.46	14681.9
23.47	13433.2
23.48	13281.8
23.49	13622.4
23.5	13925.1
23.51	14568.4
23.52	15325.2
23.53	15211.7
23.54	13773.8
23.55	13017
23.56	13471
23.57	13925.1
23.58	14379.2
23.59	15060.3
23.6	15514.4
23.61	14303.5
23.62	13244
23.63	13395.4
23.64	13622.4
23.65	13925.1
23.66	14833.3
23.67	15552.2
23.68	14795.4
23.69	13471
23.7	13168.3
23.71	13622.4
23.72	14000.8
23.73	14530.6
23.74	15211.7
23.75	15325.2
23.76	13887.3
23.77	13017
23.78	13395.4
23.79	13887.3
23.8	14265.7
23.81	15060.3
23.82	15514.4
23.83	14417
23.84	13281.8
23.85	13395.4
23.86	13622.4
23.87	13887.3
23.88	14833.3
23.89	15514.4
23.9	14909
23.91	13584.6
23.92	13092.6
23.93	13546.7
23.94	14076.5
23.95	14530.6
23.96	15098.2
23.97	15438.7
23.98	14000.8
23.99	13017
24	13395.4
24.01	13773.8
24.02	14152.2
24.03	15022.5
24.04	15590.1
24.05	14530.6
24.06	13395.4
24.07	13357.5
24.08	13546.7
24.09	13849.4
24.1	14757.6
24.11	15438.7
24.12	15022.5
24.13	13698.1
24.14	13017
24.15	13508.9
24.16	14076.5
24.17	14454.9
24.18	15060.3
24.19	15476.6
24.2	14114.3
24.21	13092.6
24.22	13395.4
24.23	13698.1
24.24	14038.6
24.25	14984.6
24.26	15590.1
24.27	14644.1
24.28	13395.4
24.29	13319.7
24.3	13546.7
24.31	13925.1
24.32	14644.1
24.33	15363
24.34	15136
24.35	13735.9
24.36	13017
24.37	13471
24.38	14000.8
24.39	14379.2
24.4	15060.3
24.41	15514.4
24.42	14227.8
24.43	13206.2
24.44	13395.4
24.45	13622.4
24.46	13925.1
24.47	14871.1
24.48	15590.1
24.49	14757.6
24.5	13471
24.51	13206.2
24.52	13622.4
24.53	14000.8
24.54	14530.6
24.55	15249.5
24.56	15249.5
24.57	13849.4
24.58	13017
24.59	13433.2
24.6	13925.1
24.61	14303.5
24.62	15060.3
24.63	15514.4
24.64	14341.4
24.65	13244
24.66	13395.4
24.67	13622.4
24.68	13887.3
24.69	14833.3
24.7	15514.4
24.71	14871.1
24.72	13508.9
24.73	13092.6
24.74	13622.4
24.75	14038.6
24.76	14530.6
24.77	15136
24.78	15363
24.79	13963
24.8	13017
24.81	13395.4
24.82	13849.4
24.83	14190
24.84	15060.3
24.85	15590.1
24.86	14454.9
24.87	13357.5
24.88	13395.4
24.89	13546.7
24.9	13925.1
24.91	14795.4
24.92	15476.6
24.93	14984.6
24.94	13622.4
24.95	13054.8
24.96	13546.7
24.97	14076.5
24.98	14530.6
24.99	15060.3
25	15438.7
25.01	14076.5
25.02	13017
25.03	13395.4
25.04	13735.9
25.05	14076.5
25.06	14984.6
25.07	15590.1
25.08	14568.4
25.09	13395.4
25.1	13319.7
25.11	13546.7
25.12	13887.3
25.13	14681.9
25.14	15438.7
25.15	15098.2
25.16	13698.1
25.17	13017
25.18	13471
25.19	14038.6
25.2	14417
25.21	15060.3
25.22	15514.4
25.23	14190
25.24	13130.5
25.25	13395.4
25.26	13698.1
25.27	13963
25.28	14946.8
25.29	15590.1
25.3	14681.9
25.31	13433.2
25.32	13281.8
25.33	13622.4
25.34	13925.1
25.35	14568.4
25.36	15325.2
25.37	15211.7
25.38	13773.8
25.39	13017
25.4	13471
25.41	13925.1
25.42	14379.2
25.43	15060.3
25.44	15514.4
25.45	14303.5
25.46	13244
25.47	13395.4
25.48	13622.4
25.49	13925.1
25.5	14833.3
25.51	15552.2
25.52	14795.4
25.53	13471
25.54	13168.3
25.55	13622.4
25.56	14000.8
25.57	14530.6
25.58	15211.7
25.59	15325.2
25.6	13887.3
25.61	13017
25.62	13395.4
25.63	13887.3
25.64	14265.7
25.65	15060.3
25.66	15514.4
25.67	14417
25.68	13281.8
25.69	13395.4
25.7	13622.4
25.71	13887.3
25.72	14833.3
25.73	15514.4
25.74	14909
25.75	13584.6
25.76	13092.6
25.77	13546.7
25.78	14076.5
25.79	14530.6
25.8	15098.2
25.81	15438.7
25.82	14000.8
25.83	13017
25.84	13395.4
25.85	13773.8
25.86	14152.2
25.87	15022.5
25.88	15590.1
25.89	14530.6
25.9	13395.4
25.91	13357.5
25.92	13546.7
25.93	13849.4
25.94	14757.6
25.95	15438.7
25.96	15022.5
25.97	13698.1
25.98	13017
25.99	13508.9
26	14076.5
26.01	14454.9
26.02	15060.3
26.03	15476.6
26.04	14114.3
26.05	13092.6
26.06	13395.4
26.07	13698.1
26.08	14038.6
26.09	14984.6
26.1	15590.1
26.11	14644.1
26.12	13395.4
26.13	13319.7
26.14	13546.7
26.15	13925.1
26.16	14644.1
26.17	15363
26.18	15136
26.19	13735.9
26.2	13017
26.21	13471
26.22	14000.8
26.23	14379.2
26.24	15060.3
26.25	15514.4
26.26	14227.8
26.27	13206.2
26.28	13395.4
26.29	13622.4
26.3	13925.1
26.31	14871.1
26.32	15590.1
26.33	14757.6
26.34	13471
26.35	13206.2
26.36	13622.4
26.37	14000.8
26.38	14530.6
26.39	15249.5
26.4	15249.5
26.41	13849.4
26.42	13017
26.43	13433.2
26.44	13925.1
26.45	14303.5
26.46	15060.3
26.47	15514.4
26.48	14341.4
26.49	13244
26.5	13395.4
26.51	13622.4
26.52	13887.3
26.53	14833.3
26.54	15514.4
26.55	14871.1
26.56	13508.9
26.57	13092.6
26.58	13622.4
26.59	14038.6
26.6	14530.6
26.61	15136
26.62	15363
26.63	13963
26.64	13017
26.65	13395.4
26.66	13849.4
26.67	14190
26.68	15060.3
26.69	15590.1
26.7	14454.9
26.71	13357.5
26.72	13395.4
26.73	13546.7
26.74	13925.1
26.75	14795.4
26.76	15476.6
26.77	14984.6
26.78	13622.4
26.79	13054.8
26.8	13546.7
26.81	14076.5
26.82	14530.6
26.83	15060.3
26.84	15438.7
26.85	14076.5
26.86	13017
26.87	13395.4
26.88	13735.9
26.89	14076.5
26.9	14984.6
26.91	15590.1
26.92	14568.4
26.93	13395.4
26.94	13319.7
26.95	13546.7
26.96	13887.3
26.97	14681.9
26.98	15438.7
26.99	15098.2
27	13698.1
27.01	13017
27.02	13471
27.03	14038.6
27.04	14417
27.05	15060.3
27.06	15514.4
27.07	14190
27.08	13130.5
27.09	13395.4
27.1	13698.1
27.11	13963
27.12	14946.8
27.13	15590.1
27.14	14681.9
27.15	13433.2
27.16	13281.8
27.17	13622.4
27.18	13925.1
27.19	14568.4
27.2	15325.2
27.21	15211.7
27.22	13773.8
27.23	13017
27.24	13471
27.25	13925.1
27.26	14379.2
27.27	15060.3
27.28	15514.4
27.29	14303.5
27.3	13244
27.31	13395.4
27.32	13622.4
27.33	13925.1
27.34	14833.3
27.35	15552.2
27.36	14795.4
27.37	13471
27.38	13168.3
27.39	13622.4
27.4	14000.8
27.41	14530.6
27.42	15211.7
27.43	15325.2
27.44	13887.3
27.45	13017
27.46	13395.4
27.47	13887.3
27.48	14265.7
27.49	15060.3
27.5	15514.4
27.51	14417
27.52	13281.8
27.53	13395.4
27.54	13622.4
27.55	13887.3
27.56	14833.3
27.57	15514.4
27.58	14909
27.59	13584.6
27.6	13092.6
27.61	13546.7
27.62	14076.5
27.63	14530.6
27.64	15098.2
27.65	15438.7
27.66	14000.8
27.67	13017
27.68	13395.4
27.69	13773.8
27.7	14152.2
27.71	15022.5
27.72	15590.1
27.73	14530.6
27.74	13395.4
27.75	13357.5
27.76	13546.7
27.77	13849.4
27.78	14757.6
27.79	15438.7
27.8	15022.5
27.81	13698.1
27.82	13017
27.83	13508.9
27.84	14076.5
27.85	14454.9
27.86	15060.3
27.87	15476.6
27.88	14114.3
27.89	13092.6
27.9	13395.4
27.91	13698.1
27.92	14038.6
27.93	14984.6
27.94	15590.1
27.95	14644.1
27.96	13395.4
27.97	13319.7
27.98	13546.7
27.99	13925.1
28	14644.1
28.01	15363
28.02	15136
28.03	13735.9
28.04	13017
28.05	13471
28.06	14000.8
28.07	14379.2
28.08	15060.3
28.09	15514.4
28.1	14227.8
28.11	13206.2
28.12	13395.4
28.13	13622.4
28.14	13925.1
28.15	14871.1
28.16	15590.1
28.17	14757.6
28.18	13471
28.19	13206.2
28.2	13622.4
28.21	14000.8
28.22	14530.6
28.23	15249.5
28.24	15249.5
28.25	13849.4
28.26	13017
28.27	13433.2
28.28	13925.1
28.29	14303.5
28.3	15060.3
28.31	15514.4
28.32	14341.4
28.33	13244
28.34	13395.4
28.35	13622.4
28.36	13887.3
28.37	14833.3
28.38	15514.4
28.39	14871.1
28.4	13508.9
28.41	13092.6
28.42	13622.4
28.43	14038.6
28.44	14530.6
28.45	15136
28.46	15363
28.47	13963
28.48	13017
28.49	13395.4
28.5	13849.4
28.51	14190
28.52	15060.3
28.53	15590.1
28.54	14454.9
28.55	13357.5
28.56	13395.4
28.57	13546.7
28.58	13925.1
28.59	14795.4
28.6	15476.6
28.61	14984.6
28.62	13622.4
28.63	13054.8
28.64	13546.7
28.65	14076.5
28.66	14530.6
28.67	15060.3
28.68	15438.7
28.69	14076.5
28.7	13017
28.71	13395.4
28.72	13735.9
28.73	14076.5
28.74	14984.6
28.75	15590.1
28.76	14568.4
28.77	13395.4
28.78	13319.7
28.79	13546.7
28.8	13887.3
28.81	14681.9
28.82	15438.7
28.83	15098.2
28.84	13698.1
28.85	13017
28.86	13471
28.87	14038.6
28.88	14417
28.89	15060.3
28.9	15514.4
28.91	14190
28.92	13130.5
28.93	13395.4
28.94	13698.1
28.95	13963
28.96	14946.8
28.97	15590.1
28.98	14681.9
28.99	13433.2
29	13281.8
29.01	13622.4
29.02	13925.1
29.03	14568.4
29.04	15325.2
29.05	15211.7
29.06	13773.8
29.07	13017
29.08	13471
29.09	13925.1
29.1	14379.2
29.11	15060.3
29.12	15514.4
29.13	14303.5
29.14	13244
29.15	13395.4
29.16	13622.4
29.17	13925.1
29.18	14833.3
29.19	15552.2
29.2	14795.4
29.21	13471
29.22	13168.3
29.23	13622.4
29.24	14000.8
29.25	14530.6
29.26	15211.7
29.27	15325.2
29.28	13887.3
29.29	13017
29.3	13395.4
29.31	13887.3
29.32	14265.7
29.33	15060.3
29.34	15514.4
29.35	14417
29.36	13281.8
29.37	13395.4
29.38	13622.4
29.39	13887.3
29.4	14833.3
29.41	15514.4
29.42	14909
29.43	13584.6
29.44	13092.6
29.45	13546.7
29.46	14076.5
29.47	14530.6
29.48	15098.2
29.49	15438.7
29.5	14000.8
29.51	13017
29.52	13395.4
29.53	13773.8
29.54	14152.2
29.55	15022.5
29.56	15590.1
29.57	14530.6
29.58	13395.4
29.59	13357.5
29.6	13546.7
29.61	13849.4
29.62	14757.6
29.63	15438.7
29.64	15022.5
29.65	13698.1
29.66	13017
29.67	13508.9
29.68	14076.5
29.69	14454.9
29.7	15060.3
29.71	15476.6
29.72	14114.3
29.73	13092.6
29.74	13395.4
29.75	13698.1
29.76	14038.6
29.77	14984.6
29.78	15590.1
29.79	14644.1
29.8	13395.4
29.81	13319.7
29.82	13546.7
29.83	13925.1
29.84	14644.1
29.85	15363
29.86	15136
29.87	13735.9
29.88	13017
29.89	13471
29.9	14000.8
29.91	14379.2
29.92	15060.3
29.93	15514.4
29.94	14227.8
29.95	13206.2
29.96	13395.4
29.97	13622.4
29.98	13925.1
29.99	14871.1
30	15590.1
30.01	14757.6
30.02	13471
30.03	13206.2
30.04	13622.4
30.05	14000.8
30.06	14530.6
30.07	15249.5
30.08	15249.5
30.09	13849.4
30.1	13017
30.11	13433.2
30.12	13925.1
30.13	14303.5
30.14	15060.3
30.15	15514.4
30.16	14341.4
30.17	13244
30.18	13395.4
30.19	13622.4
30.2	13887.3
30.21	14833.3
30.22	15514.4
30.23	14871.1
30.24	13508.9
30.25	13092.6
30.26	13622.4
30.27	14038.6
30.28	14530.6
30.29	15136
30.3	15363
30.31	13963
30.32	13017
30.33	13395.4
30.34	13849.4
30.35	14190
30.36	15060.3
30.37	15590.1
30.38	14454.9
30.39	13357.5
30.4	13395.4
30.41	13546.7
30.42	13925.1
30.43	14795.4
30.44	15476.6
30.45	14984.6
30.46	13622.4
30.47	13054.8
30.48	13546.7
30.49	14076.5
30.5	14530.6
30.51	15060.3
30.52	15438.7
30.53	14076.5
30.54	13017
30.55	13395.4
30.56	13735.9
30.57	14076.5
30.58	14984.6
30.59	15590.1
30.6	14568.4
30.61	13395.4
30.62	13319.7
30.63	13546.7
30.64	13887.3
30.65	14681.9
30.66	15438.7
30.67	15098.2
30.68	13698.1
30.69	13017
30.7	13471
30.71	14038.6
30.72	14417
30.73	15060.3
30.74	15514.4
30.75	14190
30.76	13130.5
30.77	13395.4
30.78	13698.1
30.79	13963
30.8	14946.8
30.81	15590.1
30.82	14681.9
30.83	13433.2
30.84	13281.8
30.85	13622.4
30.86	13925.1
30.87	14568.4
30.88	15325.2
30.89	15211.7
30.9	13773.8
30.91	13017
30.92	13471
30.93	13925.1
30.94	14379.2
30.95	15060.3
30.96	15514.4
30.97	14303.5
30.98	13244
30.99	13395.4
31	13622.4
31.01	13925.1
31.02	14833.3
31.03	15552.2
31.04	14795.4
31.05	13471
31.06	13168.3
31.07	13622.4
31.08	14000.8
31.09	14530.6
31.1	15211.7
31.11	15325.2
31.12	13887.3
31.13	13017
31.14	13395.4
31.15	13887.3
31.16	14265.7
31.17	15060.3
31.18	15514.4
31.19	14417
31.2	13281.8
31.21	13395.4
31.22	13622.4
31.23	13887.3
31.24	14833.3
31.25	15514.4
31.26	14909
31.27	13584.6
31.28	13092.6
31.29	13546.7
31.3	14076.5
31.31	14530.6
31.32	15098.2
31.33	15438.7
31.34	14000.8
31.35	13017
31.36	13395.4
31.37	13773.8
31.38	14152.2
31.39	15022.5
31.4	15590.1
31.41	14530.6
31.42	13395.4
31.43	13357.5
31.44	13546.7
31.45	13849.4
31.46	14757.6
31.47	15438.7
31.48	15022.5
31.49	13698.1
31.5	13017
31.51	13508.9
31.52	14076.5
31.53	14454.9
31.54	15060.3
31.55	15476.6
31.56	14114.3
31.57	13092.6
31.58	13395.4
31.59	13698.1
31.6	14038.6
31.61	14984.6
31.62	15590.1
31.63	14644.1
31.64	13395.4
31.65	13319.7
31.66	13546.7
31.67	13925.1
31.68	14644.1
31.69	15363
31.7	15136
31.71	13735.9
31.72	13017
31.73	13471
31.74	14000.8
31.75	14379.2
31.76	15060.3
31.77	15514.4
31.78	14227.8
31.79	13206.2
31.8	13395.4
31.81	13622.4
31.82	13925.1
31.83	14871.1
31.84	15590.1
31.85	14757.6
31.86	13471
31.87	13206.2
31.88	13622.4
31.89	14000.8
31.9	14530.6
31.91	15249.5
31.92	15249.5
31.93	13849.4
31.94	13017
31.95	13433.2
31.96	13925.1
31.97	14303.5
31.98	15060.3
31.99	15514.4
32	14341.4
32.01	13244
32.02	13395.4
32.03	13622.4
32.04	13887.3
32.05	14833.3
32.06	15514.4
32.07	14871.1
32.08	13508.9
32.09	13092.6
32.1	13622.4
32.11	14038.6
32.12	14530.6
32.13	15136
32.14	15363
32.15	13963
32.16	13017
32.17	13395.4
32.18	13849.4
32.19	14190
32.2	15060.3
32.21	15590.1
32.22	14454.9
32.23	13357.5
32.24	13395.4
32.25	13546.7
32.26	13925.1
32.27	14795.4
32.28	15476.6
32.29	14984.6
32.3	13622.4
32.31	13054.8
32.32	13546.7
32.33	14076.5
32.34	14530.6
32.35	15060.3
32.36	15438.7
32.37	14076.5
32.38	13017
32.39	13395.4
32.4	13735.9
32.41	14076.5
32.42	14984.6
32.43	15590.1
32.44	14568.4
32.45	13395.4
32.46	13319.7
32.47	13546.7
32.48	13887.3
32.49	14681.9
32.5	15438.7
32.51	15098.2
32.52	13698.1
32.53	13017
32.54	13471
32.55	14038.6
32.56	14417
32.57	15060.3
32.58	15514.4
32.59	14190
32.6	13130.5
32.61	13395.4
32.62	13698.1
32.63	13963
32.64	14946.8
32.65	15590.1
32.66	14681.9
32.67	13433.2
32.68	13281.8
32.69	13622.4
32.7	13925.1
32.71	14568.4
32.72	15325.2
32.73	15211.7
32.74	13773.8
32.75	13017
32.76	13471
32.77	13925.1
32.78	14379.2
32.79	15060.3
32.8	15514.4
32.81	14303.5
32.82	13244
32.83	13395.4
32.84	13622.4
32.85	13925.1
32.86	14833.3
32.87	15552.2
32.88	14795.4
32.89	13471
32.9	13168.3
32.91	13622.4
32.92	14000.8
32.93	14530.6
32.94	15211.7
32.95	15325.2
32.96	13887.3
32.97	13017
32.98	13395.4
32.99	13887.3
33	14265.7
33.01	15060.3
33.02	15514.4
33.03	14417
33.04	13281.8
33.05	13395.4
33.06	13622.4
33.07	13887.3
33.08	14833.3
33.09	15514.4
33.1	14909
33.11	13584.6
33.12	13092.6
33.13	13546.7
33.14	14076.5
33.15	14530.6
33.16	15098.2
33.17	15438.7
33.18	14000.8
33.19	13017
33.2	13395.4
33.21	13773.8
33.22	14152.2
33.23	15022.5
33.24	15590.1
33.25	14530.6
33.26	13395.4
33.27	13357.5
33.28	13546.7
33.29	13849.4
33.3	14757.6
33.31	15438.7
33.32	15022.5
33.33	13698.1
33.34	13017
33.35	13508.9
33.36	14076.5
33.37	14454.9
33.38	15060.3
33.39	15476.6
33.4	14114.3
33.41	13092.6
33.42	13395.4
33.43	13698.1
33.44	14038.6
33.45	14984.6
33.46	15590.1
33.47	14644.1
33.48	13395.4
33.49	13319.7
33.5	13546.7
33.51	13925.1
33.52	14644.1
33.53	15363
33.54	15136
33.55	13735.9
33.56	13017
33.57	13471
33.58	14000.8
33.59	14379.2
33.6	15060.3
33.61	15514.4
33.62	14227.8
33.63	13206.2
33.64	13395.4
33.65	13622.4
33.66	13925.1
33.67	14871.1
33.68	15590.1
33.69	14757.6
33.7	13471
33.71	13206.2
33.72	13622.4
33.73	14000.8
33.74	14530.6
33.75	15249.5
33.76	15249.5
33.77	13849.4
33.78	13017
33.79	13433.2
33.8	13925.1
33.81	14303.5
33.82	15060.3
33.83	15514.4
33.84	14341.4
33.85	13244
33.86	13395.4
33.87	13622.4
33.88	13887.3
33.89	14833.3
33.9	15514.4
33.91	14871.1
33.92	13508.9
33.93	13092.6
33.94	13622.4
33.95	14038.6
33.96	14530.6
33.97	15136
33.98	15363
33.99	13963
34	13017
34.01	13395.4
34.02	13849.4
34.03	14190
34.04	15060.3
34.05	15590.1
34.06	14454.9
34.07	13357.5
34.08	13395.4
34.09	13546.7
34.1	13925.1
34.11	14795.4
34.12	15476.6
34.13	14984.6
34.14	13622.4
34.15	13054.8
34.16	13546.7
34.17	14076.5
34.18	14530.6
34.19	15060.3
34.2	15438.7
34.21	14076.5
34.22	13017
34.23	13395.4
34.24	13735.9
34.25	14076.5
34.26	14984.6
34.27	15590.1
34.28	14568.4
34.29	13395.4
34.3	13319.7
34.31	13546.7
34.32	13887.3
34.33	14681.9
34.34	15438.7
34.35	15098.2
34.36	13698.1
34.37	13017
34.38	13471
34.39	14038.6
34.4	14417
34.41	15060.3
34.42	15514.4
34.43	14190
34.44	13130.5
34.45	13395.4
34.46	13698.1
34.47	13963
34.48	14946.8
34.49	15590.1
34.5	14681.9
34.51	13433.2
34.52	13281.8
34.53	13622.4
34.54	13925.1
34.55	14568.4
34.56	15325.2
34.57	15211.7
34.58	13773.8
34.59	13017
34.6	13471
34.61	13925.1
34.62	14379.2
34.63	15060.3
34.64	15514.4
34.65	14303.5
34.66	13244
34.67	13395.4
34.68	13622.4
34.69	13925.1
34.7	14833.3
34.71	15552.2
34.72	14795.4
34.73	13471
34.74	13168.3
34.75	13622.4
34.76	14000.8
34.77	14530.6
34.78	15211.7
34.79	15325.2
34.8	13887.3
34.81	13017
34.82	13395.4
34.83	13887.3
34.84	14265.7
34.85	15060.3
34.86	15514.4
34.87	14417
34.88	13281.8
34.89	13395.4
34.9	13622.4
34.91	13887.3
34.92	14833.3
34.93	15514.4
34.94	14909
34.95	13584.6
34.96	13092.6
34.97	13546.7
34.98	14076.5
34.99	14530.6
35	15098.2
35.01	15438.7
35.02	14000.8
35.03	13017
35.04	13395.4
35.05	13773.8
35.06	14152.2
35.07	15022.5
35.08	15590.1
35.09	14530.6
35.1	13395.4
35.11	13357.5
35.12	13546.7
35.13	13849.4
35.14	14757.6
35.15	15438.7
35.16	15022.5
35.17	13698.1
35.18	13017
35.19	13508.9
35.2	14076.5
35.21	14454.9
35.22	15060.3
35.23	15476.6
35.24	14114.3
35.25	13092.6
35.26	13395.4
35.27	13698.1
35.28	14038.6
35.29	14984.6
35.3	15590.1
35.31	14644.1
35.32	13395.4
35.33	13319.7
35.34	13546.7
35.35	13925.1
35.36	14644.1
35.37	15363
35.38	15136
35.39	13735.9
35.4	13017
35.41	13471
35.42	14000.8
35.43	14379.2
35.44	15060.3
35.45	15514.4
35.46	14227.8
35.47	13206.2
35.48	13395.4
35.49	13622.4
35.5	13925.1
35.51	14871.1
35.52	15590.1
35.53	14757.6
35.54	13471
35.55	13206.2
35.56	13622.4
35.57	14000.8
35.58	14530.6
35.59	15249.5
35.6	15249.5
35.61	13849.4
35.62	13017
35.63	13433.2
35.64	13925.1
35.65	14303.5
35.66	15060.3
35.67	15514.4
35.68	14341.4
35.69	13244
35.7	13395.4
35.71	13622.4
35.72	13887.3
35.73	14833.3
35.74	15514.4
35.75	14871.1
35.76	13508.9
35.77	13092.6
35.78	13622.4
35.79	14038.6
35.8	14530.6
35.81	15136
35.82	15363
35.83	13963
35.84	13017
35.85	13395.4
35.86	13849.4
35.87	14190
35.88	15060.3
35.89	15590.1
35.9	14454.9
35.91	13357.5
35.92	13395.4
35.93	13546.7
35.94	13925.1
35.95	14795.4
35.96	15476.6
35.97	14984.6
35.98	13622.4
35.99	13054.8
36	13546.7
36.01	14076.5
36.02	14530.6
36.03	15060.3
36.04	15438.7
36.05	14076.5
36.06	13017
36.07	13395.4
36.08	13735.9
36.09	14076.5
36.1	14984.6
36.11	15590.1
36.12	14568.4
36.13	13395.4
36.14	13319.7
36.15	13546.7
36.16	13887.3
36.17	14681.9
36.18	15438.7
36.19	15098.2
36.2	13698.1
36.21	13017
36.22	13471
36.23	14038.6
36.24	14417
36.25	15060.3
36.26	15514.4
36.27	14190
36.28	13130.5
36.29	13395.4
36.3	13698.1
36.31	13963
36.32	14946.8
36.33	15590.1
36.34	14681.9
36.35	13433.2
36.36	13281.8
36.37	13622.4
36.38	13925.1
36.39	14568.4
36.4	15325.2
36.41	15211.7
36.42	13773.8
36.43	13017
36.44	13471
36.45	13925.1
36.46	14379.2
36.47	15060.3
36.48	15514.4
36.49	14303.5
36.5	13244
36.51	13395.4
36.52	13622.4
36.53	13925.1
36.54	14833.3
36.55	15552.2
36.56	14795.4
36.57	13471
36.58	13168.3
36.59	13622.4
36.6	14000.8
36.61	14530.6
36.62	15211.7
36.63	15325.2
36.64	13887.3
36.65	13017
36.66	13395.4
36.67	13887.3
36.68	14265.7
36.69	15060.3
36.7	15514.4
36.71	14417
36.72	13281.8
36.73	13395.4
36.74	13622.4
36.75	13887.3
36.76	14833.3
36.77	15514.4
36.78	14909
36.79	13584.6
36.8	13092.6
36.81	13546.7
36.82	14076.5
36.83	14530.6
36.84	15098.2
36.85	15438.7
36.86	14000.8
36.87	13017
36.88	13395.4
36.89	13773.8
36.9	14152.2
36.91	15022.5
36.92	15590.1
36.93	14530.6
36.94	13395.4
36.95	13357.5
36.96	13546.7
36.97	13849.4
36.98	14757.6
36.99	15438.7
37	15022.5
37.01	13698.1
37.02	13017
37.03	13508.9
37.04	14076.5
37.05	14454.9
37.06	15060.3
37.07	15476.6
37.08	14114.3
37.09	13092.6
37.1	13395.4
37.11	13698.1
37.12	14038.6
37.13	14984.6
37.14	15590.1
37.15	14644.1
37.16	13395.4
37.17	13319.7
37.18	13546.7
37.19	13925.1
37.2	14644.1
37.21	15363
37.22	15136
37.23	13735.9
37.24	13017
37.25	13471
37.26	14000.8
37.27	14379.2
37.28	15060.3
37.29	15514.4
37.3	14227.8
37.31	13206.2
37.32	13395.4
37.33	13622.4
37.34	13925.1
37.35	14871.1
37.36	15590.1
37.37	14757.6
37.38	13471
37.39	13206.2
37.4	13622.4
37.41	14000.8
37.42	14530.6
37.43	15249.5
37.44	15249.5
37.45	13849.4
37.46	13017
37.47	13433.2
37.48	13925.1
37.49	14303.5
37.5	15060.3
37.51	15514.4
37.52	14341.4
37.53	13244
37.54	13395.4
37.55	13622.4
37.56	13887.3
37.57	14833.3
37.58	15514.4
37.59	14871.1
37.6	13508.9
37.61	13092.6
37.62	13622.4
37.63	14038.6
37.64	14530.6
37.65	15136
37.66	15363
37.67	13963
37.68	13017
37.69	13395.4
37.7	13849.4
37.71	14190
37.72	15060.3
37.73	15590.1
37.74	14454.9
37.75	13357.5
37.76	13395.4
37.77	13546.7
37.78	13925.1
37.79	14795.4
37.8	15476.6
37.81	14984.6
37.82	13622.4
37.83	13054.8
37.84	13546.7
37.85	14076.5
37.86	14530.6
37.87	15060.3
37.88	15438.7
37.89	14076.5
37.9	13017
37.91	13395.4
37.92	13735.9
37.93	14076.5
37.94	14984.6
37.95	15590.1
37.96	14568.4
37.97	13395.4
37.98	13319.7
37.99	13546.7
38	13887.3
38.01	14681.9
38.02	15438.7
38.03	15098.2
38.04	13698.1
38.05	13017
38.06	13471
38.07	14038.6
38.08	14417
38.09	15060.3
38.1	15514.4
38.11	14190
38.12	13130.5
38.13	13395.4
38.14	13698.1
38.15	13963
38.16	14946.8
38.17	15590.1
38.18	14681.9
38.19	13433.2
38.2	13281.8
38.21	13622.4
38.22	13925.1
38.23	14568.4
38.24	15325.2
38.25	15211.7
38.26	13773.8
38.27	13017
38.28	13471
38.29	13925.1
38.3	14379.2
38.31	15060.3
38.32	15514.4
38.33	14303.5
38.34	13244
38.35	13395.4
38.36	13622.4
38.37	13925.1
38.38	14833.3
38.39	15552.2
38.4	14795.4
38.41	13471
38.42	13168.3
38.43	13622.4
38.44	14000.8
38.45	14530.6
38.46	15211.7
38.47	15325.2
38.48	13887.3
38.49	13017
38.5	13395.4
38.51	13887.3
38.52	14265.7
38.53	15060.3
38.54	15514.4
38.55	14417
38.56	13281.8
38.57	13395.4
38.58	13622.4
38.59	13887.3
38.6	14833.3
38.61	15514.4
38.62	14909
38.63	13584.6
38.64	13092.6
38.65	13546.7
38.66	14076.5
38.67	14530.6
38.68	15098.2
38.69	15438.7
38.7	14000.8
38.71	13017
38.72	13395.4
38.73	13773.8
38.74	14152.2
38.75	15022.5
38.76	15590.1
38.77	14530.6
38.78	13395.4
38.79	13357.5
38.8	13546.7
38.81	13849.4
38.82	14757.6
38.83	15438.7
38.84	15022.5
38.85	13698.1
38.86	13017
38.87	13508.9
38.88	14076.5
38.89	14454.9
38.9	15060.3
38.91	15476.6
38.92	14114.3
38.93	13092.6
38.94	13395.4
38.95	13698.1
38.96	14038.6
38.97	14984.6
38.98	15590.1
38.99	14644.1
39	13395.4
39.01	13319.7
39.02	13546.7
39.03	13925.1
39.04	14644.1
39.05	15363
39.06	15136
39.07	13735.9
39.08	13017
39.09	13471
39.1	14000.8
39.11	14379.2
39.12	15060.3
39.13	15514.4
39.14	14227.8
39.15	13206.2
39.16	13395.4
39.17	13622.4
39.18	13925.1
39.19	14871.1
39.2	15590.1
39.21	14757.6
39.22	13471
39.23	13206.2
39.24	13622.4
39.25	14000.8
39.26	14530.6
39.27	15249.5
39.28	15249.5
39.29	13849.4
39.3	13017
39.31	13433.2
39.32	13925.1
39.33	14303.5
39.34	15060.3
39.35	15514.4
39.36	14341.4
39.37	13244
39.38	13395.4
39.39	13622.4
39.4	13887.3
39.41	14833.3
39.42	15514.4
39.43	14871.1
39.44	13508.9
39.45	13092.6
39.46	13622.4
39.47	14038.6
39.48	14530.6
39.49	15136
39.5	15363
39.51	13963
39.52	13017
39.53	13395.4
39.54	13849.4
39.55	14190
39.56	15060.3
39.57	15590.1
39.58	14454.9
39.59	13357.5
39.6	13395.4
39.61	13546.7
39.62	13925.1
39.63	14795.4
39.64	15476.6
39.65	14984.6
39.66	13622.4
39.67	13054.8
39.68	13546.7
39.69	14076.5
39.7	14530.6
39.71	15060.3
39.72	15438.7
39.73	14076.5
39.74	13017
39.75	13395.4
39.76	13735.9
39.77	14076.5
39.78	14984.6
39.79	15590.1
39.8	14568.4
39.81	13395.4
39.82	13319.7
39.83	13546.7
39.84	13887.3
39.85	14681.9
39.86	15438.7
39.87	15098.2
39.88	13698.1
39.89	13017
39.9	13471
39.91	14038.6
39.92	14417
39.93	15060.3
39.94	15514.4
39.95	14190
39.96	13130.5
39.97	13395.4
39.98	13698.1
39.99	13963
40	14946.8
40.01	15590.1
40.02	14681.9
40.03	13433.2
40.04	13281.8
40.05	13622.4
40.06	13925.1
40.07	14568.4
40.08	15325.2
40.09	15211.7
40.1	13773.8
40.11	13017
40.12	13471
40.13	13925.1
40.14	14379.2
40.15	15060.3
40.16	15514.4
40.17	14303.5
40.18	13244
40.19	13395.4
40.2	13622.4
40.21	13925.1
40.22	14833.3
40.23	15552.2
40.24	14795.4
40.25	13471
40.26	13168.3
40.27	13622.4
40.28	14000.8
40.29	14530.6
40.3	15211.7
40.31	15325.2
40.32	13887.3
40.33	13017
40.34	13395.4
40.35	13887.3
40.36	14265.7
40.37	15060.3
40.38	15514.4
40.39	14417
40.4	13281.8
40.41	13395.4
40.42	13622.4
40.43	13887.3
40.44	14833.3
40.45	15514.4
40.46	14909
40.47	13584.6
40.48	13092.6
40.49	13546.7
40.5	14076.5
40.51	14530.6
40.52	15098.2
40.53	15438.7
40.54	14000.8
40.55	13017
40.56	13395.4
40.57	13773.8
40.58	14152.2
40.59	15022.5
40.6	15590.1
40.61	14530.6
40.62	13395.4
40.63	13357.5
40.64	13546.7
40.65	13849.4
40.66	14757.6
40.67	15438.7
40.68	15022.5
40.69	13698.1
40.7	13017
40.71	13508.9
40.72	14076.5
40.73	14454.9
40.74	15060.3
40.75	15476.6
40.76	14114.3
40.77	13092.6
40.78	13395.4
40.79	13698.1
40.8	14038.6
40.81	14984.6
40.82	15590.1
40.83	14644.1
40.84	13395.4
40.85	13319.7
40.86	13546.7
40.87	13925.1
40.88	14644.1
40.89	15363
40.9	15136
40.91	13735.9
40.92	13017
40.93	13471
40.94	14000.8
40.95	14379.2
40.96	15060.3
40.97	15514.4
40.98	14227.8
40.99	13206.2
41	13395.4
41.01	13622.4
41.02	13925.1
41.03	14871.1
41.04	15590.1
41.05	14757.6
41.06	13471
41.07	13206.2
41.08	13622.4
41.09	14000.8
41.1	14530.6
41.11	15249.5
41.12	15249.5
41.13	13849.4
41.14	13017
41.15	13433.2
41.16	13925.1
41.17	14303.5
41.18	15060.3
41.19	15514.4
41.2	14341.4
41.21	13244
41.22	13395.4
41.23	13622.4
41.24	13887.3
41.25	14833.3
41.26	15514.4
41.27	14871.1
41.28	13508.9
41.29	13092.6
41.3	13622.4
41.31	14038.6
41.32	14530.6
41.33	15136
41.34	15363
41.35	13963
41.36	13017
41.37	13395.4
41.38	13849.4
41.39	14190
41.4	15060.3
41.41	15590.1
41.42	14454.9
41.43	13357.5
41.44	13395.4
41.45	13546.7
41.46	13925.1
41.47	14795.4
41.48	15476.6
41.49	14984.6
41.5	13622.4
41.51	13054.8
41.52	13546.7
41.53	14076.5
41.54	14530.6
41.55	15060.3
41.56	15438.7
41.57	14076.5
41.58	13017
41.59	13395.4
41.6	13735.9
41.61	14076.5
41.62	14984.6
41.63	15590.1
41.64	14568.4
41.65	13395.4
41.66	13319.7
41.67	13546.7
41.68	13887.3
41.69	14681.9
41.7	15438.7
41.71	15098.2
41.72	13698.1
41.73	13017
41.74	13471
41.75	14038.6
41.76	14417
41.77	15060.3
41.78	15514.4
41.79	14190
41.8	13130.5
41.81	13395.4
41.82	13698.1
41.83	13963
41.84	14946.8
41.85	15590.1
41.86	14681.9
41.87	13433.2
41.88	13281.8
41.89	13622.4
41.9	13925.1
41.91	14568.4
41.92	15325.2
41.93	15211.7
41.94	13773.8
41.95	13017
41.96	13471
41.97	13925.1
41.98	14379.2
41.99	15060.3
42	15514.4
42.01	14303.5
42.02	13244
42.03	13395.4
42.04	13622.4
42.05	13925.1
42.06	14833.3
42.07	15552.2
42.08	14795.4
42.09	13471
42.1	13168.3
42.11	13622.4
42.12	14000.8
42.13	14530.6
42.14	15211.7
42.15	15325.2
42.16	13887.3
42.17	13017
42.18	13395.4
42.19	13887.3
42.2	14265.7
42.21	15060.3
42.22	15514.4
42.23	14417
42.24	13281.8
42.25	13395.4
42.26	13622.4
42.27	13887.3
42.28	14833.3
42.29	15514.4
42.3	14909
42.31	13584.6
42.32	13092.6
42.33	13546.7
42.34	14076.5
42.35	14530.6
42.36	15098.2
42.37	15438.7
42.38	14000.8
42.39	13017
42.4	13395.4
42.41	13773.8
42.42	14152.2
42.43	15022.5
42.44	15590.1
42.45	14530.6
42.46	13395.4
42.47	13357.5
42.48	13546.7
42.49	13849.4
42.5	14757.6
42.51	15438.7
42.52	15022.5
42.53	13698.1
42.54	13017
42.55	13508.9
42.56	14076.5
42.57	14454.9
42.58	15060.3
42.59	15476.6
42.6	14114.3
42.61	13092.6
42.62	13395.4
42.63	13698.1
42.64	14038.6
42.65	14984.6
42.66	15590.1
42.67	14644.1
42.68	13395.4
42.69	13319.7
42.7	13546.7
42.71	13925.1
42.72	14644.1
42.73	15363
42.74	15136
42.75	13735.9
42.76	13017
42.77	13471
42.78	14000.8
42.79	14379.2
42.8	15060.3
42.81	15514.4
42.82	14227.8
42.83	13206.2
42.84	13395.4
42.85	13622.4
42.86	13925.1
42.87	14871.1
42.88	15590.1
42.89	14757.6
42.9	13471
42.91	13206.2
42.92	13622.4
42.93	14000.8
42.94	14530.6
42.95	15249.5
42.96	15249.5
42.97	13849.4
42.98	13017
42.99	13433.2
43	13925.1
43.01	14303.5
43.02	15060.3
43.03	15514.4
43.04	14341.4
43.05	13244
43.06	13395.4
43.07	13622.4
43.08	13887.3
43.09	14833.3
43.1	15514.4
43.11	14871.1
43.12	13508.9
43.13	13092.6
43.14	13622.4
43.15	14038.6
43.16	14530.6
43.17	15136
43.18	15363
43.19	13963
43.2	13017
43.21	13395.4
43.22	13849.4
43.23	14190
43.24	15060.3
43.25	15590.1
43.26	14454.9
43.27	13357.5
43.28	13395.4
43.29	13546.7
43.3	13925.1
43.31	14795.4
43.32	15476.6
43.33	14984.6
43.34	13622.4
43.35	13054.8
43.36	13546.7
43.37	14076.5
43.38	14530.6
43.39	15060.3
43.4	15438.7
43.41	14076.5
43.42	13017
43.43	13395.4
43.44	13735.9
43.45	14076.5
43.46	14984.6
43.47	15590.1
43.48	14568.4
43.49	13395.4
43.5	13319.7
43.51	13546.7
43.52	13887.3
43.53	14681.9
43.54	15438.7
43.55	15098.2
43.56	13698.1
43.57	13017
43.58	13471
43.59	14038.6
43.6	14417
43.61	15060.3
43.62	15514.4
43.63	14190
43.64	13130.5
43.65	13395.4
43.66	13698.1
43.67	13963
43.68	14946.8
43.69	15590.1
43.7	14681.9
43.71	13433.2
43.72	13281.8
43.73	13622.4
43.74	13925.1
43.75	14568.4
43.76	15325.2
43.77	15211.7
43.78	13773.8
43.79	13017
43.8	13471
43.81	13925.1
43.82	14379.2
43.83	15060.3
43.84	15514.4
43.85	14303.5
43.86	13244
43.87	13395.4
43.88	13622.4
43.89	13925.1
43.9	14833.3
43.91	15552.2
43.92	14795.4
43.93	13471
43.94	13168.3
43.95	13622.4
43.96	14000.8
43.97	14530.6
43.98	15211.7
43.99	15325.2
44	13887.3
44.01	13017
44.02	13395.4
44.03	13887.3
44.04	14265.7
44.05	15060.3
44.06	15514.4
44.07	14417
44.08	13281.8
44.09	13395.4
44.1	13622.4
44.11	13887.3
44.12	14833.3
44.13	15514.4
44.14	14909
44.15	13584.6
44.16	13092.6
44.17	13546.7
44.18	14076.5
44.19	14530.6
44.2	15098.2
44.21	15438.7
44.22	14000.8
44.23	13017
44.24	13395.4
44.25	13773.8
44.26	14152.2
44.27	15022.5
44.28	15590.1
44.29	14530.6
44.3	13395.4
44.31	13357.5
44.32	13546.7
44.33	13849.4
44.34	14757.6
44.35	15438.7
44.36	15022.5
44.37	13698.1
44.38	13017
44.39	13508.9
44.4	14076.5
44.41	14454.9
44.42	15060.3
44.43	15476.6
44.44	14114.3
44.45	13092.6
44.46	13395.4
44.47	13698.1
44.48	14038.6
44.49	14984.6
44.5	15590.1
44.51	14644.1
44.52	13395.4
44.53	13319.7
44.54	13546.7
44.55	13925.1
44.56	14644.1
44.57	15363
44.58	15136
44.59	13735.9
44.6	13017
44.61	13471
44.62	14000.8
44.63	14379.2
44.64	15060.3
44.65	15514.4
44.66	14227.8
44.67	13206.2
44.68	13395.4
44.69	13622.4
44.7	13925.1
44.71	14871.1
44.72	15590.1
44.73	14757.6
44.74	13471
44.75	13206.2
44.76	13622.4
44.77	14000.8
44.78	14530.6
44.79	15249.5
44.8	15249.5
44.81	13849.4
44.82	13017
44.83	13433.2
44.84	13925.1
44.85	14303.5
44.86	15060.3
44.87	15514.4
44.88	14341.4
44.89	13244
44.9	13395.4
44.91	13622.4
44.92	13887.3
44.93	14833.3
44.94	15514.4
44.95	14871.1
44.96	13508.9
44.97	13092.6
44.98	13622.4
44.99	14038.6
45	14530.6
45.01	15136
45.02	15363
45.03	13963
45.04	13017
45.05	13395.4
45.06	13849.4
45.07	14190
45.08	15060.3
45.09	15590.1
45.1	14454.9
45.11	13357.5
45.12	13395.4
45.13	13546.7
45.14	13925.1
45.15	14795.4
45.16	15476.6
45.17	14984.6
45.18	13622.4
45.19	13054.8
45.2	13546.7
45.21	14076.5
45.22	14530.6
45.23	15060.3
45.24	15438.7
45.25	14076.5
45.26	13017
45.27	13395.4
45.28	13735.9
45.29	14076.5
45.3	14984.6
45.31	15590.1
45.32	14568.4
45.33	13395.4
45.34	13319.7
45.35	13546.7
45.36	13887.3
45.37	14681.9
45.38	15438.7
45.39	15098.2
45.4	13698.1
45.41	13017
45.42	13471
45.43	14038.6
45.44	14417
45.45	15060.3
45.46	15514.4
45.47	14190
45.48	13130.5
45.49	13395.4
45.5	13698.1
45.51	13963
45.52	14946.8
45.53	15590.1
45.54	14681.9
45.55	13433.2
45.56	13281.8
45.57	13622.4
45.58	13925.1
45.59	14568.4
45.6	15325.2
45.61	15211.7
45.62	13773.8
45.63	13017
45.64	13471
45.65	13925.1
45.66	14379.2
45.67	15060.3
45.68	15514.4
45.69	14303.5
45.7	13244
45.71	13395.4
45.72	13622.4
45.73	13925.1
45.74	14833.3
45.75	15552.2
45.76	14795.4
45.77	13471
45.78	13168.3
45.79	13622.4
45.8	14000.8
45.81	14530.6
45.82	15211.7
45.83	15325.2
45.84	13887.3
45.85	13017
45.86	13395.4
45.87	13887.3
45.88	14265.7
45.89	15060.3
45.9	15514.4
45.91	14417
45.92	13281.8
45.93	13395.4
45.94	13622.4
45.95	13887.3
45.96	14833.3
45.97	15514.4
45.98	14909
45.99	13584.6
46	13092.6
46.01	13546.7
46.02	14076.5
46.03	14530.6
46.04	15098.2
46.05	15438.7
46.06	14000.8
46.07	13017
46.08	13395.4
46.09	13773.8
46.1	14152.2
46.11	15022.5
46.12	15590.1
46.13	14530.6
46.14	13395.4
46.15	13357.5
46.16	13546.7
46.17	13849.4
46.18	14757.6
46.19	15438.7
46.2	15022.5
46.21	13698.1
46.22	13017
46.23	13508.9
46.24	14076.5
46.25	14454.9
46.26	15060.3
46.27	15476.6
46.28	14114.3
46.29	13092.6
46.3	13395.4
46.31	13735.9
46.32	14038.6
46.33	14984.6
46.34	15590.1
46.35	14644.1
46.36	13395.4
46.37	13357.5
46.38	13546.7
46.39	13925.1
46.4	14644.1
46.41	15400.9
46.42	15136
46.43	13735.9
46.44	13017
46.45	13508.9
46.46	14000.8
46.47	14379.2
46.48	15060.3
46.49	15514.4
46.5	14227.8
46.51	13168.3
46.52	13395.4
46.53	13660.2
46.54	13925.1
46.55	14909
46.56	15590.1
46.57	14719.8
46.58	13471
46.59	13244
46.6	13622.4
46.61	13963
46.62	14530.6
46.63	15287.4
46.64	15249.5
46.65	13811.6
46.66	13017
46.67	13471
46.68	13925.1
46.69	14341.4
46.7	15060.3
46.71	15514.4
46.72	14341.4
46.73	13244
46.74	13395.4
46.75	13622.4
46.76	13887.3
46.77	14833.3
46.78	15514.4
46.79	14833.3
46.8	13508.9
46.81	13130.5
46.82	13622.4
46.83	14000.8
46.84	14530.6
46.85	15173.8
46.86	15363
46.87	13925.1
46.88	13017
46.89	13395.4
46.9	13849.4
46.91	14227.8
46.92	15060.3
46.93	15552.2
46.94	14454.9
46.95	13319.7
46.96	13395.4
46.97	13584.6
46.98	13925.1
46.99	14833.3
47	15476.6
47.01	14946.8
47.02	13622.4
47.03	13092.6
47.04	13546.7
47.05	14076.5
47.06	14530.6
47.07	15060.3
47.08	15438.7
47.09	14038.6
47.1	13017
47.11	13395.4
47.12	13735.9
47.13	14114.3
47.14	14984.6
47.15	15590.1
47.16	14568.4
47.17	13395.4
47.18	13319.7
47.19	13546.7
47.2	13887.3
47.21	14719.8
47.22	15438.7
47.23	15060.3
47.24	13698.1
47.25	13017
47.26	13471
47.27	14076.5
47.28	14417
47.29	15060.3
47.3	15514.4
47.31	14152.2
47.32	13130.5
47.33	13395.4
47.34	13698.1
47.35	14000.8
47.36	14946.8
47.37	15590.1
47.38	14681.9
47.39	13395.4
47.4	13281.8
47.41	13584.6
47.42	13925.1
47.43	14606.2
47.44	15325.2
47.45	15173.8
47.46	13773.8
47.47	13017
47.48	13471
47.49	13963
47.5	14379.2
47.51	15060.3
47.52	15514.4
47.53	14265.7
47.54	13244
47.55	13395.4
47.56	13622.4
47.57	13925.1
47.58	14833.3
47.59	15590.1
47.6	14795.4
47.61	13471
47.62	13168.3
47.63	13622.4
47.64	14000.8
47.65	14530.6
47.66	15211.7
47.67	15287.4
47.68	13887.3
47.69	13017
47.7	13395.4
47.71	13925.1
47.72	14265.7
47.73	15060.3
47.74	15514.4
47.75	14379.2
47.76	13281.8
47.77	13395.4
47.78	13622.4
47.79	13849.4
47.8	14833.3
47.81	15514.4
47.82	14909
47.83	13546.7
47.84	13092.6
47.85	13584.6
47.86	14076.5
47.87	14530.6
47.88	15098.2
47.89	15400.9
47.9	14000.8
47.91	13017
47.92	13395.4
47.93	13811.6
47.94	14152.2
47.95	15060.3
47.96	15590.1
47.97	14492.7
47.98	13395.4
47.99	13395.4
48	13546.7
48.01	13887.3
48.02	14757.6
48.03	15438.7
48.04	15022.5
48.05	13660.2
48.06	13017
48.07	13546.7
48.08	14076.5
48.09	14492.7
48.1	15060.3
48.11	15438.7
48.12	14114.3
48.13	13054.8
48.14	13395.4
48.15	13698.1
48.16	14038.6
48.17	14984.6
48.18	15590.1
48.19	14606.2
48.2	13395.4
48.21	13319.7
48.22	13546.7
48.23	13925.1
48.24	14644.1
48.25	15400.9
48.26	15136
48.27	13698.1
48.28	13017
48.29	13471
48.3	14000.8
48.31	14379.2
48.32	15060.3
48.33	15514.4
48.34	14227.8
48.35	13168.3
48.36	13395.4
48.37	13660.2
48.38	13925.1
48.39	14909
48.4	15590.1
48.41	14719.8
48.42	13471
48.43	13244
48.44	13622.4
48.45	13963
48.46	14530.6
48.47	15287.4
48.48	15249.5
48.49	13811.6
48.5	13017
48.51	13471
48.52	13925.1
48.53	14341.4
48.54	15060.3
48.55	15514.4
48.56	14341.4
48.57	13244
48.58	13395.4
48.59	13622.4
48.6	13887.3
48.61	14833.3
48.62	15514.4
48.63	14833.3
48.64	13508.9
48.65	13130.5
48.66	13622.4
48.67	14000.8
48.68	14530.6
48.69	15173.8
48.7	15363
48.71	13925.1
48.72	13017
48.73	13395.4
48.74	13849.4
48.75	14227.8
48.76	15060.3
48.77	15552.2
48.78	14454.9
48.79	13319.7
48.8	13395.4
48.81	13584.6
48.82	13925.1
48.83	14833.3
48.84	15476.6
48.85	14946.8
48.86	13622.4
48.87	13092.6
48.88	13546.7
48.89	14076.5
48.9	14530.6
48.91	15060.3
48.92	15438.7
48.93	14038.6
48.94	13017
48.95	13395.4
48.96	13735.9
48.97	14114.3
48.98	14984.6
48.99	15590.1
49	14568.4
49.01	13395.4
49.02	13319.7
49.03	13546.7
49.04	13887.3
49.05	14719.8
49.06	15438.7
49.07	15060.3
49.08	13698.1
49.09	13017
49.1	13471
49.11	14076.5
49.12	14417
49.13	15060.3
49.14	15514.4
49.15	14152.2
49.16	13130.5
49.17	13395.4
49.18	13698.1
49.19	14000.8
49.2	14946.8
49.21	15590.1
49.22	14681.9
49.23	13395.4
49.24	13281.8
49.25	13584.6
49.26	13925.1
49.27	14606.2
49.28	15325.2
49.29	15173.8
49.3	13773.8
49.31	13017
49.32	13471
49.33	13963
49.34	14379.2
49.35	15060.3
49.36	15514.4
49.37	14265.7
49.38	13244
49.39	13395.4
49.4	13622.4
49.41	13925.1
49.42	14833.3
49.43	15590.1
49.44	14795.4
49.45	13471
49.46	13168.3
49.47	13622.4
49.48	14000.8
49.49	14530.6
49.5	15211.7
49.51	15287.4
49.52	13887.3
49.53	13017
49.54	13395.4
49.55	13925.1
49.56	14265.7
49.57	15060.3
49.58	15514.4
49.59	14379.2
49.6	13281.8
49.61	13395.4
49.62	13622.4
49.63	13849.4
49.64	14833.3
49.65	15514.4
49.66	14909
49.67	13546.7
49.68	13092.6
49.69	13584.6
49.7	14076.5
49.71	14530.6
49.72	15098.2
49.73	15400.9
49.74	14000.8
49.75	13017
49.76	13395.4
49.77	13811.6
49.78	14152.2
49.79	15060.3
49.8	15590.1
49.81	14492.7
49.82	13395.4
49.83	13395.4
49.84	13546.7
49.85	13887.3
49.86	14757.6
49.87	15438.7
49.88	15022.5
49.89	13660.2
49.9	13017
49.91	13546.7
49.92	14076.5
49.93	14492.7
49.94	15060.3
49.95	15438.7
49.96	14114.3
49.97	13054.8
49.98	13395.4
49.99	13698.1
50	14038.6
50.01	14984.6
50.02	15590.1
50.03	14606.2
50.04	13395.4
50.05	13319.7
50.06	13546.7
50.07	13925.1
50.08	14644.1
50.09	15400.9
50.1	15136
50.11	13698.1
50.12	13017
50.13	13471
50.14	14000.8
50.15	14379.2
50.16	15060.3
50.17	15514.4
50.18	14227.8
50.19	13168.3
50.2	13395.4
50.21	13660.2
50.22	13925.1
50.23	14909
50.24	15590.1
50.25	14719.8
50.26	13471
50.27	13244
50.28	13622.4
50.29	13963
50.3	14530.6
50.31	15287.4
50.32	15249.5
50.33	13811.6
50.34	13017
50.35	13471
50.36	13925.1
50.37	14341.4
50.38	15060.3
50.39	15514.4
50.4	14341.4
50.41	13244
50.42	13395.4
50.43	13622.4
50.44	13887.3
50.45	14833.3
50.46	15514.4
50.47	14833.3
50.48	13508.9
50.49	13130.5
50.5	13622.4
50.51	14000.8
50.52	14530.6
50.53	15173.8
50.54	15363
50.55	13925.1
50.56	13017
50.57	13395.4
50.58	13849.4
50.59	14227.8
50.6	15060.3
50.61	15552.2
50.62	14454.9
50.63	13319.7
50.64	13395.4
50.65	13584.6
50.66	13925.1
50.67	14833.3
50.68	15476.6
50.69	14946.8
50.7	13622.4
50.71	13092.6
50.72	13546.7
50.73	14076.5
50.74	14530.6
50.75	15060.3
50.76	15438.7
50.77	14038.6
50.78	13017
50.79	13395.4
50.8	13735.9
50.81	14114.3
50.82	14984.6
50.83	15590.1
50.84	14568.4
50.85	13395.4
50.86	13319.7
50.87	13546.7
50.88	13887.3
50.89	14719.8
50.9	15438.7
50.91	15060.3
50.92	13698.1
50.93	13017
50.94	13471
50.95	14076.5
50.96	14417
50.97	15060.3
50.98	15514.4
50.99	14152.2
51	13130.5
51.01	13395.4
51.02	13698.1
51.03	14000.8
51.04	14946.8
51.05	15590.1
51.06	14681.9
51.07	13395.4
51.08	13281.8
51.09	13584.6
51.1	13925.1
51.11	14606.2
51.12	15325.2
51.13	15173.8
51.14	13773.8
51.15	13017
51.16	13471
51.17	13963
51.18	14379.2
51.19	15060.3
51.2	15514.4
51.21	14265.7
51.22	13244
51.23	13395.4
51.24	13622.4
51.25	13925.1
51.26	14833.3
51.27	15590.1
51.28	14795.4
51.29	13471
51.3	13168.3
51.31	13622.4
51.32	14000.8
51.33	14530.6
51.34	15211.7
51.35	15287.4
51.36	13887.3
51.37	13017
51.38	13395.4
51.39	13925.1
51.4	14265.7
51.41	15060.3
51.42	15514.4
51.43	14379.2
51.44	13281.8
51.45	13395.4
51.46	13622.4
51.47	13849.4
51.48	14833.3
51.49	15514.4
51.5	14909
51.51	13546.7
51.52	13092.6
51.53	13584.6
51.54	14076.5
51.55	14530.6
51.56	15098.2
51.57	15400.9
51.58	14000.8
51.59	13017
51.6	13395.4
51.61	13811.6
51.62	14152.2
51.63	15060.3
51.64	15590.1
51.65	14492.7
51.66	13395.4
51.67	13395.4
51.68	13546.7
51.69	13887.3
51.7	14757.6
51.71	15438.7
51.72	15022.5
51.73	13660.2
51.74	13017
51.75	13546.7
51.76	14076.5
51.77	14492.7
51.78	15060.3
51.79	15438.7
51.8	14114.3
51.81	13054.8
51.82	13395.4
51.83	13698.1
51.84	14038.6
51.85	14984.6
51.86	15590.1
51.87	14606.2
51.88	13395.4
51.89	13319.7
51.9	13546.7
51.91	13925.1
51.92	14644.1
51.93	15400.9
51.94	15136
51.95	13698.1
51.96	13017
51.97	13471
51.98	14000.8
51.99	14379.2
52	15060.3
52.01	15514.4
52.02	14227.8
52.03	13168.3
52.04	13395.4
52.05	13660.2
52.06	13925.1
52.07	14909
52.08	15590.1
52.09	14719.8
52.1	13471
52.11	13244
52.12	13622.4
52.13	13963
52.14	14530.6
52.15	15287.4
52.16	15249.5
52.17	13811.6
52.18	13017
52.19	13471
52.2	13925.1
52.21	14341.4
52.22	15060.3
52.23	15514.4
52.24	14341.4
52.25	13244
52.26	13395.4
52.27	13622.4
52.28	13887.3
52.29	14833.3
52.3	15514.4
52.31	14833.3
52.32	13508.9
52.33	13130.5
52.34	13622.4
52.35	14000.8
52.36	14530.6
52.37	15173.8
52.38	15363
52.39	13925.1
52.4	13017
52.41	13395.4
52.42	13849.4
52.43	14227.8
52.44	15060.3
52.45	15552.2
52.46	14454.9
52.47	13319.7
52.48	13395.4
52.49	13584.6
52.5	13925.1
52.51	14833.3
52.52	15476.6
52.53	14946.8
52.54	13622.4
52.55	13092.6
52.56	13546.7
52.57	14076.5
52.58	14530.6
52.59	15060.3
52.6	15438.7
52.61	14038.6
52.62	13017
52.63	13395.4
52.64	13735.9
52.65	14114.3
52.66	14984.6
52.67	15590.1
52.68	14568.4
52.69	13395.4
52.7	13319.7
52.71	13546.7
52.72	13887.3
52.73	14719.8
52.74	15438.7
52.75	15060.3
52.76	13698.1
52.77	13017
52.78	13471
52.79	14076.5
52.8	14417
52.81	15060.3
52.82	15514.4
52.83	14152.2
52.84	13130.5
52.85	13395.4
52.86	13698.1
52.87	14000.8
52.88	14946.8
52.89	15590.1
52.9	14681.9
52.91	13395.4
52.92	13281.8
52.93	13584.6
52.94	13925.1
52.95	14606.2
52.96	15325.2
52.97	15173.8
52.98	13773.8
52.99	13017
53	13471
53.01	13963
53.02	14379.2
53.03	15060.3
53.04	15514.4
53.05	14265.7
53.06	13244
53.07	13395.4
53.08	13622.4
53.09	13925.1
53.1	14833.3
53.11	15590.1
53.12	14795.4
53.13	13471
53.14	13168.3
53.15	13622.4
53.16	14000.8
53.17	14530.6
53.18	15211.7
53.19	15287.4
53.2	13887.3
53.21	13017
53.22	13395.4
53.23	13925.1
53.24	14265.7
53.25	15060.3
53.26	15514.4
53.27	14379.2
53.28	13281.8
53.29	13395.4
53.3	13622.4
53.31	13849.4
53.32	14833.3
53.33	15514.4
53.34	14909
53.35	13546.7
53.36	13092.6
53.37	13584.6
53.38	14076.5
53.39	14530.6
53.4	15098.2
53.41	15400.9
53.42	14000.8
53.43	13017
53.44	13395.4
53.45	13811.6
53.46	14152.2
53.47	15060.3
53.48	15590.1
53.49	14492.7
53.5	13395.4
53.51	13395.4
53.52	13546.7
53.53	13887.3
53.54	14757.6
53.55	15438.7
53.56	15022.5
53.57	13660.2
53.58	13017
53.59	13546.7
53.6	14076.5
53.61	14492.7
53.62	15060.3
53.63	15438.7
53.64	14114.3
53.65	13054.8
53.66	13395.4
53.67	13698.1
53.68	14038.6
53.69	14984.6
53.7	15590.1
53.71	14606.2
53.72	13395.4
53.73	13319.7
53.74	13546.7
53.75	13925.1
53.76	14644.1
53.77	15400.9
53.78	15136
53.79	13698.1
53.8	13017
53.81	13471
53.82	14000.8
53.83	14379.2
53.84	15060.3
53.85	15514.4
53.86	14227.8
53.87	13168.3
53.88	13395.4
53.89	13660.2
53.9	13925.1
53.91	14909
53.92	15590.1
53.93	14719.8
53.94	13471
53.95	13244
53.96	13622.4
53.97	13963
53.98	14530.6
53.99	15287.4
54	15249.5
54.01	13811.6
54.02	13017
54.03	13471
54.04	13925.1
54.05	14341.4
54.06	15060.3
54.07	15514.4
54.08	14341.4
54.09	13244
54.1	13395.4
54.11	13622.4
54.12	13887.3
54.13	14833.3
54.14	15514.4
54.15	14833.3
54.16	13508.9
54.17	13130.5
54.18	13622.4
54.19	14000.8
54.2	14530.6
54.21	15173.8
54.22	15363
54.23	13925.1
54.24	13017
54.25	13395.4
54.26	13849.4
54.27	14227.8
54.28	15060.3
54.29	15552.2
54.3	14454.9
54.31	13319.7
54.32	13395.4
54.33	13584.6
54.34	13925.1
54.35	14833.3
54.36	15476.6
54.37	14946.8
54.38	13622.4
54.39	13092.6
54.4	13546.7
54.41	14076.5
54.42	14530.6
54.43	15060.3
54.44	15438.7
54.45	14038.6
54.46	13017
54.47	13395.4
54.48	13735.9
54.49	14114.3
54.5	14984.6
54.51	15590.1
54.52	14568.4
54.53	13395.4
54.54	13319.7
54.55	13546.7
54.56	13887.3
54.57	14719.8
54.58	15438.7
54.59	15060.3
54.6	13698.1
54.61	13017
54.62	13471
54.63	14076.5
54.64	14417
54.65	15060.3
54.66	15514.4
54.67	14152.2
54.68	13130.5
54.69	13395.4
54.7	13698.1
54.71	14000.8
54.72	14946.8
54.73	15590.1
54.74	14681.9
54.75	13395.4
54.76	13281.8
54.77	13584.6
54.78	13925.1
54.79	14606.2
54.8	15325.2
54.81	15173.8
54.82	13773.8
54.83	13017
54.84	13471
54.85	13963
54.86	14379.2
54.87	15060.3
54.88	15514.4
54.89	14265.7
54.9	13244
54.91	13395.4
54.92	13622.4
54.93	13925.1
54.94	14833.3
54.95	15590.1
54.96	14795.4
54.97	13471
54.98	13168.3
54.99	13622.4
55	14000.8
55.01	14530.6
55.02	15211.7
55.03	15287.4
55.04	13887.3
55.05	13017
55.06	13395.4
55.07	13925.1
55.08	14265.7
55.09	15060.3
55.1	15514.4
55.11	14379.2
55.12	13281.8
55.13	13395.4
55.14	13622.4
55.15	13849.4
55.16	14833.3
55.17	15514.4
55.18	14909
55.19	13546.7
55.2	13092.6
55.21	13584.6
55.22	14076.5
55.23	14530.6
55.24	15098.2
55.25	15400.9
55.26	14000.8
55.27	13017
55.28	13395.4
55.29	13811.6
55.3	14152.2
55.31	15060.3
55.32	15590.1
55.33	14492.7
55.34	13395.4
55.35	13395.4
55.36	13546.7
55.37	13887.3
55.38	14757.6
55.39	15438.7
55.4	15022.5
55.41	13660.2
55.42	13017
55.43	13546.7
55.44	14076.5
55.45	14492.7
55.46	15060.3
55.47	15438.7
55.48	14114.3
55.49	13054.8
55.5	13395.4
55.51	13698.1
55.52	14038.6
55.53	14984.6
55.54	15590.1
55.55	14606.2
55.56	13395.4
55.57	13319.7
55.58	13546.7
55.59	13925.1
55.6	14644.1
55.61	15400.9
55.62	15136
55.63	13698.1
55.64	13017
55.65	13471
55.66	14000.8
55.67	14379.2
55.68	15060.3
55.69	15514.4
55.7	14227.8
55.71	13168.3
55.72	13395.4
55.73	13660.2
55.74	13925.1
55.75	14909
55.76	15590.1
55.77	14719.8
55.78	13471
55.79	13244
55.8	13622.4
55.81	13963
55.82	14530.6
55.83	15287.4
55.84	15249.5
55.85	13811.6
55.86	13017
55.87	13471
55.88	13925.1
55.89	14341.4
55.9	15060.3
55.91	15514.4
55.92	14341.4
55.93	13244
55.94	13395.4
55.95	13622.4
55.96	13887.3
55.97	14833.3
55.98	15514.4
55.99	14833.3
56	13508.9
56.01	13130.5
56.02	13622.4
56.03	14000.8
56.04	14530.6
56.05	15173.8
56.06	15363
56.07	13925.1
56.08	13017
56.09	13395.4
56.1	13849.4
56.11	14227.8
56.12	15060.3
56.13	15552.2
56.14	14454.9
56.15	13319.7
56.16	13395.4
56.17	13584.6
56.18	13925.1
56.19	14833.3
56.2	15476.6
56.21	14946.8
56.22	13622.4
56.23	13092.6
56.24	13546.7
56.25	14076.5
56.26	14530.6
56.27	15060.3
56.28	15438.7
56.29	14038.6
56.3	13017
56.31	13395.4
56.32	13735.9
56.33	14114.3
56.34	14984.6
56.35	15590.1
56.36	14568.4
56.37	13395.4
56.38	13319.7
56.39	13546.7
56.4	13887.3
56.41	14719.8
56.42	15438.7
56.43	15060.3
56.44	13698.1
56.45	13017
56.46	13471
56.47	14076.5
56.48	14417
56.49	15060.3
56.5	15514.4
56.51	14152.2
56.52	13130.5
56.53	13395.4
56.54	13698.1
56.55	14000.8
56.56	14946.8
56.57	15590.1
56.58	14681.9
56.59	13395.4
56.6	13281.8
56.61	13584.6
56.62	13925.1
56.63	14606.2
56.64	15325.2
